0.00058594,0.00058261,0.0005926,0.00060924,0.0006392,0.00067583,0.00072243,0.00077903,0.00084561,0.00091886,0.0010021,0.001092,0.0011918,0.0012951,0.0014016,0.0015148,0.0016313,0.0017445,0.001861,0.0019709,0.0020774,0.0021806,0.0022738,0.0023571,0.0024336,0.0024936,0.0025435,0.0025768,0.0025934,0.0025901,0.0025701,0.0025235,0.0024569,0.0023637,0.0022505,0.0021107,0.0019509,0.0017645,0.0015581,0.0013317,0.0010886,0.00082564,0.00054932,0.00026301,-3.3292e-005,-0.00033625,-0.00064253,-0.00094882,-0.0012551,-0.0015547,-0.0018477,-0.0021274,-0.0023937,-0.0026467,-0.0028764,-0.0030862,-0.0032726,-0.0034324,-0.0035689,-0.0036754,-0.003752,-0.0038019,-0.0038219,-0.0038153,-0.0037786,-0.0037154,-0.0036255,-0.0035156,-0.0033791,-0.003226,-0.0030529,-0.0028664,-0.0026634,-0.0024536,-0.0022372,-0.0020142,-0.0017911,-0.001568,-0.001345,-0.0011286,-0.00091553,-0.00070912,-0.0005127,-0.00032293,-0.00013983,2.9963e-005,0.00019309,0.00034624,0.00048939,0.00062256,0.00074907,0.00086559,0.00097212,0.001072,0.0011652,0.0012484,0.0013217,0.0013883,0.0014482,0.0014981,0.0015381,0.001568,0.001588,0.0015947,0.0015914,0.0015747,0.0015481,0.0015048,0.0014482,0.0013783,0.0012917,0.0011918,0.001082,0.00095548,0.00082231,0.00067583,0.00052268,0.00035955,0.00019309,2.3304e-005,-0.00014648,-0.00031627,-0.00048606,-0.00064919,-0.00080566,-0.00095548,-0.0010953,-0.0012218,-0.0013383,-0.0014382,-0.0015248,-0.001598,-0.0016513,-0.0016912,-0.0017145,-0.0017179,-0.0017045,-0.0016779,-0.0016346,-0.001578,-0.0015081,-0.0014282,-0.0013383,-0.0012418,-0.0011353,-0.0010221,-0.00090221,-0.00078236,-0.00065918,-0.00053267,-0.00040616,-0.00027965,-0.00015314,-2.6634e-005,9.6547e-005,0.00021973,0.00034291,0.00045943,0.00057595,0.00068914,0.00079901,0.00090554,0.0010087,0.0011053,0.0012018,0.0012917,0.001375,0.0014549,0.0015348,0.0016047,0.0016746,0.0017412,0.0018011,0.0018577,0.001911,0.0019576,0.0020008,0.0020408,0.0020741,0.002104,0.0021307,0.002154,0.002174,0.0021939,0.0022106,0.0022239,0.0022405,0.0022539,0.0022672,0.0022805,0.0022905,0.0023038,0.0023138,0.0023238,0.0023304,0.0023371,0.0023437,0.0023471,0.0023504,0.0023504,0.0023504,0.0023504,0.0023471,0.0023471,0.0023504,0.0023537,0.0023637,0.002377,0.002397,0.0024203,0.0024536,0.0024936,0.0025402,0.0025934,0.0026534,0.0027166,0.0027899,0.0028631,0.002943,0.0030262,0.0031095,0.003196,0.0032826,0.0033691,0.0034557,0.0035389,0.0036188,0.0036987,0.0037753,0.0038485,0.0039185,0.0039884,0.004055,0.0041215,0.0041848,0.004248,0.0043146,0.0043812,0.0044511,0.004521,0.0045976,0.0046742,0.0047574,0.0048406,0.0049305,0.0050204,0.005117,0.0052135,0.0053134,0.0054166,0.0055165,0.0056197,0.0057195,0.0058194,0.0059126,0.0060025,0.0060858,0.006159,0.0062256,0.0062789,0.0063221,0.0063488,0.0063621,0.0063588,0.0063388,0.0063055,0.0062489,0.006179,0.0060891,0.0059826,0.0058594,0.0057162,0.0055597,0.0053866,0.0052002,0.0050004,0.0047874,0.0045676,0.0043379,0.0041049,0.0038685,0.0036288,0.0033891,0.0031561,0.002923,0.0027,0.0024802,0.0022738,0.0020807,0.0018976,0.0017312,0.001578,0.0014382,0.001315,0.0012052,0.0011086,0.0010254,0.00095548,0.00089222,0.00083563,0.00078902,0.00074241,0.00069913,0.00065585,0.00061257,0.00056263,0.00050937,0.00044944,0.00038286,0.00030961,0.00022971,0.00013983,4.6609e-005,-5.6596e-005,-0.00016313,-0.00027632,-0.00038952,-0.00050604,-0.00061923,-0.00072909,-0.00083563,-0.0009355,-0.0010287,-0.0011086,-0.0011785,-0.0012351,-0.0012751,-0.0013017,-0.0013084,-0.0012951,-0.0012618,-0.0012052,-0.0011286,-0.0010254,-0.00090221,-0.00075906,-0.00058927,-0.00040283,-0.00019309,3.3292e-005,0.00027965,0.00053933,0.00081565,0.0011053,0.0014049,0.0017145,0.0020308,0.0023537,0.00268,0.0030096,0.0033392,0.0036621,0.0039817,0.004298,0.0046009,0.0048939,0.0051702,0.0054366,0.0056829,0.0059093,0.0061191,0.0063055,0.0064686,0.0066084,0.006725,0.0068149,0.0068781,0.0069147,0.0069214,0.0069014,0.0068515,0.0067749,0.0066717,0.0065385,0.0063754,0.0061856,0.0059692,0.0057229,0.0054499,0.0051536,0.0048307,0.0044877,0.0041215,0.0037387,0.0033358,0.0029197,0.0024869,0.0020441,0.0015914,0.0011319,0.00066251,0.00019309,-0.00027965,-0.0007524,-0.0012218,-0.0016912,-0.002154,-0.0026101,-0.0030562,-0.0034923,-0.0039118,-0.004318,-0.0047075,-0.005077,-0.0054266,-0.0057528,-0.0060591,-0.0063354,-0.0065885,-0.0068149,-0.0070146,-0.0071844,-0.0073242,-0.0074374,-0.0075206,-0.0075739,-0.0076005,-0.0075972,-0.0075672,-0.0075107,-0.0074274,-0.0073242,-0.0071977,-0.0070512,-0.0068914,-0.006715,-0.0065285,-0.0063321,-0.006129,-0.0059226,-0.0057129,-0.0054998,-0.0052901,-0.0050803,-0.0048739,-0.0046709,-0.0044744,-0.0042813,-0.0040916,-0.0039118,-0.0037387,-0.0035722,-0.0034124,-0.0032593,-0.0031161,-0.0029796,-0.0028498,-0.0027299,-0.0026201,-0.0025169,-0.0024237,-0.0023371,-0.0022605,-0.0021939,-0.002134,-0.0020807,-0.0020375,-0.0020008,-0.0019709,-0.0019442,-0.0019209,-0.0018976,-0.0018777,-0.0018544,-0.0018277,-0.0017978,-0.0017645,-0.0017212,-0.0016746,-0.001618,-0.0015514,-0.0014748,-0.0013883,-0.0012917,-0.0011819,-0.001062,-0.00092884,-0.00078569,-0.00063255,-0.00046609,-0.00028964,-0.00010653,8.9888e-005,0.00028964,0.00049938,0.00071245,0.00093217,0.0011519,0.001375,0.001598,0.0018211,0.0020408,0.0022572,0.0024669,0.0026733,0.0028731,0.0030629,0.003246,0.0034224,0.0035889,0.0037453,0.0038918,0.0040283,0.0041548,0.004268,0.0043746,0.0044678,0.004551,0.0046242,0.0046875,0.0047374,0.0047807,0.004814,0.0048406,0.004854,0.0048639,0.0048639,0.004854,0.0048406,0.0048173,0.004784,0.0047474,0.0047008,0.0046509,0.0045876,0.004521,0.0044478,0.0043679,0.004278,0.0041815,0.0040783,0.0039651,0.0038452,0.0037154,0.0035789,0.0034357,0.0032793,0.0031128,0.0029397,0.0027532,0.0025568,0.0023504,0.002134,0.001911,0.0016812,0.0014449,0.0012018,0.00095881,0.00071245,0.00046609,0.00021973,-2.3304e-005,-0.00026301,-0.00049605,-0.00071911,-0.00093883,-0.0011452,-0.001345,-0.0015348,-0.0017145,-0.0018843,-0.0020475,-0.0022006,-0.0023437,-0.0024836,-0.0026134,-0.0027399,-0.0028564,-0.002973,-0.0030828,-0.003186,-0.0032892,-0.0033858,-0.0034823,-0.0035755,-0.0036688,-0.003762,-0.0038519,-0.0039418,-0.0040316,-0.0041215,-0.0042081,-0.0042947,-0.0043746,-0.0044511,-0.0045244,-0.004591,-0.0046475,-0.0046942,-0.0047308,-0.0047574,-0.0047674,-0.0047607,-0.0047408,-0.0047008,-0.0046409,-0.0045577,-0.0044578,-0.0043313,-0.0041815,-0.0040083,-0.0038119,-0.0035922,-0.0033458,-0.0030728,-0.0027799,-0.0024636,-0.002124,-0.0017645,-0.0013883,-0.0009921,-0.00058594,-0.00016646,0.00025968,0.00069247,0.0011253,0.0015547,0.0019775,0.0023904,0.0027899,0.0031694,0.0035256,0.0038585,0.0041648,0.0044378,0.0046808,0.0048906,0.005067,0.0052102,0.0053167,0.00539,0.0054299,0.0054366,0.0054133,0.00536,0.0052834,0.0051802,0.005057,0.0049172,0.0047607,0.0045943,0.0044212,0.0042414,0.0040583,0.0038752,0.0036987,0.0035289,0.0033691,0.003226,0.0030961,0.0029863,0.0028931,0.0028265,0.0027832,0.0027666,0.0027765,0.0028132,0.0028764,0.0029663,0.0030862,0.0032293,0.0033991,0.0035922,0.0038086,0.004045,0.004298,0.0045676,0.0048506,0.0051436,0.0054466,0.0057562,0.0060691,0.0063821,0.006695,0.0070046,0.0073076,0.0076005,0.0078835,0.0081565,0.0084129,0.0086526,0.0088723,0.0090754,0.0092585,0.0094216,0.0095614,0.0096813,0.0097745,0.0098477,0.0098944,0.0099143,0.0099143,0.0098877,0.0098378,0.0097612,0.0096613,0.0095381,0.0093883,0.0092185,0.0090221,0.0088057,0.0085693,0.0083097,0.00803,0.0077304,0.0074141,0.0070779,0.0067283,0.0063654,0.0059892,0.005603,0.0052069,0.004804,0.0043945,0.0039784,0.0035622,0.0031428,0.0027266,0.0023105,0.0018976,0.0014948,0.0010953,0.00070579,0.00032626,-4.6609e-005,-0.00040616,-0.0007524,-0.0010886,-0.0014149,-0.0017278,-0.0020308,-0.0023238,-0.0026034,-0.0028698,-0.0031261,-0.0033691,-0.0035989,-0.0038186,-0.004025,-0.0042181,-0.0043979,-0.004561,-0.0047108,-0.0048473,-0.0049638,-0.005067,-0.0051469,-0.0052102,-0.0052535,-0.0052734,-0.0052734,-0.0052501,-0.0052069,-0.0051369,-0.0050471,-0.0049339,-0.0047974,-0.0046376,-0.0044578,-0.004258,-0.0040383,-0.0038019,-0.0035522,-0.0032926,-0.0030229,-0.0027466,-0.0024669,-0.0021873,-0.001911,-0.0016413,-0.0013816,-0.0011286,-0.00089555,-0.00067583,-0.00047607,-0.0002963,-0.00013983,-6.6584e-006,0.0001032,0.00018976,0.00024969,0.00028964,0.00030629,0.00029963,0.00027299,0.00022638,0.00016313,8.6559e-005,-6.6584e-006,-0.00010653,-0.00021973,-0.00033625,-0.00045943,-0.00058594,-0.00071245,-0.00084229,-0.00096547,-0.0010886,-0.0012018,-0.0013117,-0.0014082,-0.0014981,-0.0015714,-0.001638,-0.0016879,-0.0017245,-0.0017445,-0.0017545,-0.0017512,-0.0017345,-0.0017079,-0.0016713,-0.001628,-0.001578,-0.0015248,-0.0014715,-0.0014149,-0.0013616,-0.0013117,-0.0012651,-0.0012218,-0.0011885,-0.0011619,-0.0011419,-0.0011319,-0.0011286,-0.0011353,-0.0011486,-0.0011685,-0.0011918,-0.0012218,-0.0012551,-0.0012884,-0.0013217,-0.0013517,-0.0013783,-0.0014016,-0.0014149,-0.0014216,-0.0014182,-0.0014016,-0.0013716,-0.0013317,-0.0012751,-0.0012085,-0.0011286,-0.001032,-0.00092551,-0.00080566,-0.00067583,-0.00053267,-0.00037953,-0.00021973,-4.6609e-005,0.00013317,0.0003196,0.00050937,0.00070912,0.0009122,0.0011186,0.0013317,0.0015481,0.0017711,0.0020008,0.0022372,0.0024836,0.0027399,0.0030096,0.0032892,0.0035855,0.0038952,0.0042247,0.004571,0.0049372,0.0053267,0.0057362,0.0061723,0.0066317,0.0071211,0.0076372,0.0081798,0.0087558,0.0093584,0.0099942,0.010657,0.011349,0.012072,0.012821,0.013596,0.014395,0.015218,0.016067,0.016932,0.017814,0.01871,0.019619,0.020538,0.021457,0.022379,0.023294,0.024203,0.025099,0.025978,0.026837,0.027672,0.028481,0.029257,0.030003,0.030708,0.031378,0.032007,0.032593,0.033139,0.033638,0.034094,0.034504,0.034873,0.035196,0.035476,0.035712,0.035909,0.036062,0.036178,0.036255,0.036291,0.036295,0.036265,0.036198,0.036102,0.035972,0.035812,0.035619,0.035403,0.035156,0.034883,0.034584,0.034261,0.033911,0.033542,0.033145,0.032733,0.032296,0.03184,0.031368,0.030875,0.030369,0.029843,0.029304,0.028751,0.028188,0.027612,0.02703,0.02644,0.025848,0.025249,0.024649,0.02405,0.023451,0.022852,0.022256,0.021663,0.021077,0.020498,0.019922,0.019353,0.018793,0.018237,0.017691,0.017152,0.016619,0.016093,0.015571,0.015055,0.014545,0.014039,0.013536,0.013037,0.012544,0.012055,0.011569,0.011093,0.01062,0.010157,0.0097013,0.0092551,0.0088157,0.0083862,0.0079668,0.0075606,0.0071611,0.0067782,0.0064054,0.0060491,0.0057096,0.0053833,0.0050737,0.0047807,0.0045044,0.0042447,0.0040017,0.0037786,0.0035722,0.0033858,0.003216,0.0030662,0.0029363,0.0028232,0.0027299,0.0026534,0.0025934,0.0025502,0.0025235,0.0025102,0.0025135,0.0025269,0.0025535,0.0025901,0.0026334,0.0026833,0.0027366,0.0027899,0.0028465,0.0028997,0.002953,0.0030029,0.0030495,0.0030895,0.0031261,0.0031561,0.003176,0.0031927,0.0031994,0.0031994,0.0031894,0.0031727,0.0031494,0.0031195,0.0030828,0.0030396,0.0029896,0.002933,0.0028731,0.0028065,0.0027399,0.0026667,0.0025968,0.0025235,0.0024536,0.0023837,0.0023204,0.0022605,0.0022073,0.002164,0.002124,0.0020974,0.0020841,0.0020841,0.0021007,0.002134,0.0021873,0.0022605,0.0023604,0.0024836,0.0026367,0.0028165,0.0030329,0.0032826,0.0035689,0.0038918,0.0042547,0.0046609,0.005107,0.0055997,0.0061324,0.0067083,0.0073242,0.0079834,0.0086792,0.0094149,0.010191,0.010996,0.011835,0.012701,0.013593,0.014505,0.015437,0.016383,0.017335,0.018297,0.019256,0.020212,0.02116,0.022096,0.023018,0.023924,0.024806,0.025665,0.026497,0.027299,0.028068,0.028801,0.0295,0.030156,0.030772,0.031348,0.031877,0.032366,0.032809,0.033209,0.033568,0.033884,0.034161,0.034397,0.034597,0.03476,0.03489,0.034986,0.035056,0.0351,0.03512,0.035116,0.035093,0.035053,0.034993,0.034913,0.03482,0.034707,0.03458,0.034434,0.034271,0.034088,0.033888,0.033668,0.033428,0.033169,0.032889,0.032593,0.032273,0.031937,0.031581,0.031208,0.030818,0.030412,0.029989,0.029557,0.029107,0.028644,0.028168,0.027682,0.027186,0.02668,0.026164,0.025641,0.025109,0.024569,0.024023,0.023471,0.022915,0.022356,0.021793,0.021227,0.020658,0.020092,0.019522,0.018953,0.018384,0.017811,0.017242,0.016673,0.016103,0.015537,0.014971,0.014409,0.013849,0.013293,0.012744,0.012195,0.011652,0.01111,0.010574,0.010041,0.0095148,0.0089888,0.0084661,0.0079501,0.0074374,0.0069247,0.0064187,0.005916,0.0054166,0.0049239,0.0044312,0.0039451,0.0034624,0.0029863,0.0025102,0.0020408,0.001578,0.0011219,0.0006725,0.00022971,-0.00020308,-0.00062256,-0.001032,-0.0014282,-0.0018111,-0.0021773,-0.0025235,-0.0028531,-0.0031661,-0.0034557,-0.0037254,-0.0039717,-0.0041948,-0.0043979,-0.0045743,-0.0047308,-0.0048639,-0.0049738,-0.005067,-0.0051403,-0.0052002,-0.0052468,-0.0052801,-0.0053034,-0.00532,-0.0053334,-0.00534,-0.0053433,-0.00535,-0.0053567,-0.00537,-0.0053866,-0.0054099,-0.0054399,-0.0054798,-0.0055265,-0.0055864,-0.005653,-0.0057295,-0.0058161,-0.0059093,-0.0060125,-0.0061224,-0.0062422,-0.0063687,-0.0064986,-0.0066384,-0.0067816,-0.006928,-0.0070812,-0.007231,-0.0073808,-0.0075306,-0.0076738,-0.0078136,-0.0079434,-0.00806,-0.0081632,-0.0082531,-0.008323,-0.0083696,-0.0083995,-0.0084029,-0.0083796,-0.008333,-0.0082564,-0.0081499,-0.0080134,-0.0078469,-0.0076471,-0.0074174,-0.0071511,-0.0068515,-0.0065186,-0.0061523,-0.0057528,-0.0053234,-0.0048606,-0.0043679,-0.0038485,-0.0033026,-0.0027333,-0.002134,-0.0015148,-0.00087225,-0.00020641,0.00047607,0.0011785,0.0018943,0.0026267,0.0033725,0.0041282,0.0048939,0.005663,0.006442,0.007221,0.0080034,0.0087824,0.0095614,0.010337,0.011106,0.011865,0.012614,0.013353,0.014079,0.014788,0.015481,0.016153,0.016806,0.017438,0.018051,0.018637,0.019199,0.019739,0.020255,0.020744,0.021207,0.021643,0.022056,0.022442,0.022802,0.023135,0.023441,0.023717,0.02397,0.024193,0.02439,0.024556,0.024696,0.024806,0.024889,0.024946,0.024976,0.024982,0.024962,0.024922,0.024862,0.024779,0.024679,0.024559,0.024426,0.024276,0.024113,0.023937,0.02375,0.023551,0.023341,0.023118,0.022888,0.022648,0.022402,0.022142,0.021876,0.021596,0.021313,0.021017,0.020714,0.020398,0.020078,0.019745,0.019406,0.01906,0.018703,0.018341,0.017971,0.017595,0.017215,0.016826,0.016436,0.01604,0.015641,0.015234,0.014828,0.014415,0.013999,0.01358,0.013157,0.012731,0.012301,0.011869,0.011432,0.010993,0.01055,0.010101,0.0096513,0.0091986,0.0087425,0.008283,0.0078236,0.0073608,0.0069014,0.006442,0.0059859,0.0055331,0.0050837,0.0046409,0.0042048,0.0037786,0.0033625,0.002953,0.0025568,0.0021706,0.0017978,0.0014382,0.0010953,0.00076571,0.0004561,0.00016313,-0.00010986,-0.00036621,-0.00059925,-0.00081232,-0.0010054,-0.0011752,-0.0013283,-0.0014582,-0.0015747,-0.0016713,-0.0017512,-0.0018211,-0.0018777,-0.0019243,-0.0019642,-0.0020008,-0.0020375,-0.0020708,-0.0021107,-0.0021507,-0.0021939,-0.0022472,-0.0023038,-0.0023637,-0.0024336,-0.0025102,-0.0025901,-0.00268,-0.0027732,-0.0028731,-0.0029796,-0.0030895,-0.003206,-0.0033259,-0.003449,-0.0035755,-0.0037054,-0.0038386,-0.0039717,-0.0041082,-0.0042414,-0.0043779,-0.0045144,-0.0046475,-0.0047807,-0.0049106,-0.0050337,-0.0051569,-0.0052668,-0.0053733,-0.0054632,-0.0055431,-0.005603,-0.0056463,-0.0056663,-0.005663,-0.0056297,-0.0055697,-0.0054732,-0.0053433,-0.0051769,-0.0049705,-0.0047241,-0.0044378,-0.0041115,-0.003742,-0.0033292,-0.0028731,-0.0023737,-0.0018344,-0.0012518,-0.00062922,3.3292e-005,0.00073242,0.0014715,0.0022439,0.0030529,0.0038952,0.0047674,0.0056663,0.0065951,0.0075506,0.0085261,0.0095215,0.010534,0.011559,0.012594,0.013633,0.014675,0.015717,0.016749,0.017771,0.018777,0.019762,0.020724,0.02166,0.022562,0.023428,0.024253,0.025036,0.025771,0.026457,0.02709,0.027672,0.028198,0.028671,0.029087,0.029447,0.029756,0.030013,0.030216,0.030372,0.030482,0.030549,0.030572,0.030559,0.030512,0.030435,0.030326,0.030196,0.030039,0.029866,0.02968,0.029473,0.029257,0.029034,0.028797,0.028554,0.028305,0.028052,0.027792,0.027526,0.027259,0.026986,0.026713,0.026434,0.026154,0.025874,0.025588,0.025302,0.025012,0.024716,0.024416,0.02411,0.023794,0.023471,0.023141,0.022798,0.022449,0.022086,0.021716,0.021333,0.020941,0.020534,0.020122,0.019699,0.019269,0.01883,0.01838,0.017928,0.017468,0.017002,0.016529,0.016053,0.015574,0.015088,0.014605,0.014119,0.013633,0.013147,0.012661,0.012175,0.011692,0.011213,0.010733,0.010257,0.0097812,0.0093117,0.0088423,0.0083796,0.0079168,0.0074607,0.0070113,0.0065652,0.0061257,0.0056962,0.0052734,0.0048606,0.0044578,0.0040649,0.0036854,0.0033159,0.002963,0.0026234,0.0023005,0.0019909,0.0016946,0.0014182,0.0011552,0.0009122,0.00068248,0.00046942,0.00027299,9.3217e-005,-6.9913e-005,-0.00021973,-0.00035622,-0.0004794,-0.0005926,-0.0006958,-0.00078902,-0.00087558,-0.00095881,-0.0010354,-0.0011119,-0.0011885,-0.0012651,-0.0013483,-0.0014316,-0.0015248,-0.0016246,-0.0017312,-0.0018477,-0.0019742,-0.0021107,-0.0022539,-0.0024103,-0.0025768,-0.0027499,-0.002933,-0.0031261,-0.0033259,-0.0035289,-0.0037387,-0.0039551,-0.0041715,-0.0043912,-0.0046109,-0.004834,-0.0050537,-0.0052701,-0.0054832,-0.0056929,-0.0058927,-0.0060858,-0.0062655,-0.0064387,-0.0065951,-0.0067383,-0.0068648,-0.006978,-0.0070679,-0.0071378,-0.0071844,-0.0072044,-0.0071977,-0.0071611,-0.0070978,-0.006998,-0.0068681,-0.0067017,-0.0064986,-0.0062622,-0.0059859,-0.0056729,-0.0053234,-0.0049339,-0.0045044,-0.004035,-0.0035289,-0.002983,-0.0024003,-0.0017811,-0.0011286,-0.00044278,0.00027632,0.0010254,0.0018011,0.0026034,0.0034291,0.0042747,0.0051369,0.0060158,0.0069014,0.007797,0.0086958,0.0095914,0.010484,0.011363,0.012231,0.013077,0.013899,0.014695,0.015461,0.016187,0.016876,0.017525,0.018127,0.018687,0.019199,0.019666,0.020082,0.020451,0.020774,0.02105,0.021284,0.021473,0.021626,0.02174,0.02182,0.021869,0.021893,0.021889,0.021863,0.021823,0.021763,0.02169,0.02161,0.02152,0.021427,0.021327,0.021227,0.021124,0.021024,0.020924,0.020824,0.020731,0.020638,0.020548,0.020461,0.020375,0.020288,0.020202,0.020115,0.020025,0.019935,0.019839,0.019739,0.019632,0.019519,0.019396,0.019263,0.019116,0.018956,0.01878,0.01859,0.018384,0.018161,0.017921,0.017665,0.017392,0.017105,0.016799,0.016476,0.01614,0.015794,0.015431,0.015061,0.014678,0.014292,0.013903,0.013507,0.013107,0.012708,0.012308,0.011905,0.011502,0.0111,0.010697,0.010294,0.009891,0.0094849,0.0090787,0.0086725,0.008263,0.0078502,0.0074341,0.0070179,0.0065985,0.0061756,0.0057495,0.0053234,0.0048972,0.0044711,0.0040483,0.0036222,0.0032027,0.0027865,0.0023704,0.0019642,0.0015614,0.0011652,0.00077903,0.0003995,2.9963e-005,-0.00032626,-0.00067583,-0.0010121,-0.001335,-0.0016446,-0.0019409,-0.0022239,-0.0024902,-0.0027366,-0.0029696,-0.0031894,-0.0033891,-0.0035722,-0.0037387,-0.0038885,-0.004025,-0.0041448,-0.0042547,-0.0043513,-0.0044378,-0.0045144,-0.0045876,-0.0046509,-0.0047141,-0.0047741,-0.0048307,-0.0048906,-0.0049472,-0.0050071,-0.0050704,-0.0051336,-0.0052002,-0.0052734,-0.00535,-0.0054299,-0.0055198,-0.005613,-0.0057129,-0.0058228,-0.0059359,-0.0060558,-0.0061823,-0.0063155,-0.006452,-0.0065918,-0.0067316,-0.0068781,-0.0070213,-0.0071677,-0.0073109,-0.0074541,-0.0075906,-0.0077237,-0.0078502,-0.0079668,-0.0080766,-0.0081765,-0.0082597,-0.0083296,-0.0083796,-0.0084129,-0.0084229,-0.0084062,-0.0083663,-0.0082963,-0.0081965,-0.0080666,-0.0079068,-0.0077104,-0.0074774,-0.0072077,-0.0069014,-0.0065552,-0.006169,-0.0057462,-0.0052834,-0.0047807,-0.0042381,-0.0036621,-0.0030462,-0.002397,-0.0017179,-0.0010021,-0.00025968,0.00050937,0.0013084,0.0021274,0.0029696,0.0038286,0.0047041,0.0055964,0.0064986,0.0074108,0.008333,0.0092551,0.010184,0.01111,0.012035,0.012957,0.013873,0.014778,0.015677,0.016559,0.017428,0.018284,0.019116,0.019932,0.020724,0.02149,0.022232,0.022945,0.023631,0.024283,0.024902,0.025488,0.026041,0.026554,0.027026,0.027462,0.027855,0.028205,0.028511,0.028771,0.028987,0.029157,0.02928,0.02936,0.02939,0.02938,0.029324,0.029227,0.02909,0.028911,0.028698,0.028448,0.028162,0.027849,0.027502,0.027133,0.02674,0.026324,0.025891,0.025442,0.024976,0.024496,0.02401,0.023511,0.023008,0.022499,0.021983,0.021463,0.020944,0.020421,0.019895,0.019373,0.018847,0.018321,0.017795,0.017269,0.016739,0.016213,0.015684,0.015158,0.014632,0.014106,0.01358,0.013057,0.012538,0.012022,0.011509,0.011,0.010494,0.0099942,0.0095015,0.0090121,0.0085327,0.00806,0.0075939,0.0071345,0.006685,0.0062422,0.0058061,0.00538,0.0049638,0.0045543,0.0041515,0.0037587,0.0033758,0.0029996,0.0026301,0.0022705,0.0019209,0.001578,0.0012418,0.0009122,0.0005926,0.00027965,-2.3304e-005,-0.0003196,-0.00060924,-0.00088889,-0.0011586,-0.0014216,-0.0016746,-0.0019209,-0.002154,-0.002377,-0.0025934,-0.0027965,-0.0029929,-0.003176,-0.0033558,-0.0035223,-0.0036821,-0.0038352,-0.0039784,-0.0041182,-0.004248,-0.0043746,-0.0044944,-0.0046109,-0.0047241,-0.0048307,-0.0049372,-0.0050404,-0.0051436,-0.0052468,-0.0053533,-0.0054599,-0.0055731,-0.0056896,-0.0058128,-0.0059459,-0.0060858,-0.0062322,-0.0063887,-0.0065552,-0.006725,-0.0069047,-0.0070912,-0.0072843,-0.0074807,-0.0076838,-0.0078869,-0.0080933,-0.0082997,-0.0085028,-0.0087058,-0.0089023,-0.0090953,-0.0092785,-0.0094549,-0.009618,-0.0097712,-0.0099077,-0.010028,-0.010127,-0.010207,-0.010261,-0.010291,-0.010291,-0.010261,-0.010197,-0.010104,-0.0099776,-0.0098178,-0.0096247,-0.0093983,-0.0091353,-0.0088423,-0.0085161,-0.0081565,-0.007767,-0.0073475,-0.0068948,-0.0064187,-0.0059093,-0.0053766,-0.0048207,-0.0042347,-0.0036288,-0.0029963,-0.0023404,-0.0016646,-0.00096879,-0.00024969,0.00048273,0.0012351,0.0020008,0.0027799,0.0035656,0.0043646,0.0051636,0.0059692,0.0067749,0.0075772,0.0083729,0.0091619,0.009941,0.010703,0.011452,0.012185,0.012891,0.013576,0.014239,0.014871,0.015474,0.016047,0.016586,0.017089,0.017551,0.017978,0.018364,0.018707,0.019006,0.019266,0.019479,0.019652,0.019782,0.019872,0.019919,0.019929,0.019899,0.019832,0.019732,0.019602,0.019442,0.019256,0.01905,0.018823,0.018577,0.018321,0.018054,0.017781,0.017502,0.017222,0.016942,0.016666,0.016393,0.016127,0.01587,0.015621,0.015384,0.015154,0.014931,0.014722,0.014519,0.014319,0.014129,0.013943,0.013756,0.013573,0.01339,0.0132,0.01301,0.012814,0.012608,0.012395,0.012172,0.011938,0.011692,0.011432,0.011163,0.010876,0.010574,0.010261,0.009931,0.0095914,0.0092352,0.008869,0.0084961,0.0081099,0.0077171,0.0073142,0.0069081,0.0064952,0.0060791,0.0056596,0.0052401,0.0048207,0.0044012,0.0039817,0.0035622,0.0031494,0.0027366,0.0023271,0.0019176,0.0015148,0.0011153,0.00071578,0.00032293,-6.6584e-005,-0.00044944,-0.00082564,-0.0011985,-0.0015614,-0.0019176,-0.0022638,-0.0026001,-0.0029264,-0.0032426,-0.0035489,-0.0038386,-0.0041149,-0.0043779,-0.0046242,-0.0048506,-0.0050604,-0.0052535,-0.0054233,-0.0055797,-0.0057162,-0.0058361,-0.0059426,-0.0060325,-0.0061124,-0.0061823,-0.0062422,-0.0062955,-0.0063421,-0.0063887,-0.0064353,-0.0064819,-0.0065352,-0.0065951,-0.0066584,-0.0067316,-0.0068115,-0.0069014,-0.006998,-0.0071012,-0.007211,-0.0073275,-0.0074507,-0.0075772,-0.0077104,-0.0078469,-0.0079834,-0.0081232,-0.0082664,-0.0084062,-0.0085494,-0.0086892,-0.0088257,-0.0089622,-0.009092,-0.0092219,-0.009345,-0.0094616,-0.0095714,-0.0096746,-0.0097678,-0.0098544,-0.009931,-0.0099976,-0.010051,-0.010094,-0.010117,-0.010131,-0.010124,-0.010097,-0.010051,-0.0099842,-0.0098944,-0.0097812,-0.0096413,-0.0094749,-0.0092818,-0.0090621,-0.0088124,-0.0085327,-0.0082231,-0.0078835,-0.007514,-0.0071145,-0.0066883,-0.0062322,-0.0057495,-0.0052401,-0.0047041,-0.0041482,-0.0035689,-0.0029696,-0.0023504,-0.0017179,-0.001072,-0.00041615,0.00025302,0.00093217,0.0016147,0.0023038,0.0029963,0.0036887,0.0043779,0.0050604,0.0057395,0.0064054,0.0070612,0.0077037,0.008333,0.0089422,0.0095315,0.010097,0.01064,0.011159,0.011652,0.012118,0.012558,0.012974,0.013363,0.013726,0.014062,0.014375,0.014668,0.014941,0.015194,0.015431,0.015654,0.015867,0.016067,0.016263,0.01645,0.016636,0.016816,0.016996,0.017175,0.017355,0.017532,0.017705,0.017878,0.018048,0.018214,0.01837,0.018524,0.018663,0.018793,0.018906,0.019003,0.019083,0.01914,0.019169,0.019176,0.019153,0.0191,0.019016,0.0189,0.018753,0.018574,0.01836,0.018117,0.017844,0.017542,0.017209,0.016849,0.016463,0.016053,0.015621,0.015168,0.014695,0.014206,0.0137,0.01318,0.012651,0.012112,0.011562,0.011006,0.010447,0.0098844,0.0093251,0.0087624,0.0082065,0.0076538,0.0071078,0.0065685,0.0060392,0.0055198,0.0050104,0.0045111,0.004025,0.0035456,0.0030795,0.0026234,0.0021773,0.0017378,0.0013117,0.00088889,0.0004794,7.6571e-005,-0.0003196,-0.00070246,-0.001082,-0.0014482,-0.0018078,-0.002154,-0.0024902,-0.0028165,-0.0031328,-0.0034324,-0.003722,-0.0039984,-0.004258,-0.0045044,-0.0047374,-0.0049538,-0.0051569,-0.0053467,-0.0055198,-0.0056763,-0.0058194,-0.0059459,-0.0060591,-0.0061557,-0.0062389,-0.0063088,-0.0063621,-0.0064054,-0.0064387,-0.0064586,-0.0064719,-0.0064786,-0.0064786,-0.0064753,-0.0064686,-0.0064653,-0.006462,-0.006462,-0.0064653,-0.0064753,-0.0064919,-0.0065152,-0.0065485,-0.0065885,-0.0066384,-0.0066983,-0.0067716,-0.0068548,-0.006948,-0.0070579,-0.0071777,-0.0073109,-0.0074574,-0.0076205,-0.0077936,-0.0079801,-0.0081765,-0.0083862,-0.0086026,-0.0088257,-0.0090521,-0.0092851,-0.0095148,-0.0097412,-0.0099643,-0.010181,-0.010384,-0.01057,-0.01074,-0.01089,-0.011016,-0.011116,-0.011189,-0.011226,-0.011229,-0.011196,-0.011119,-0.011003,-0.01084,-0.010633,-0.01038,-0.010081,-0.0097346,-0.0093384,-0.0088956,-0.0084095,-0.0078769,-0.0072976,-0.006675,-0.0060125,-0.0053067,-0.0045643,-0.0037886,-0.0029796,-0.0021407,-0.0012718,-0.00038286,0.00052934,0.0014582,0.0024037,0.0033592,0.0043246,0.0052934,0.0062689,0.007241,0.0082131,0.0091752,0.010131,0.01107,0.011992,0.012894,0.01377,0.014618,0.015437,0.016223,0.016976,0.017691,0.018367,0.019003,0.019599,0.020155,0.020671,0.021144,0.02158,0.021973,0.022329,0.022648,0.022928,0.023174,0.023388,0.023564,0.023707,0.02382,0.023904,0.023954,0.023973,0.023964,0.023927,0.02386,0.023764,0.023641,0.023491,0.023314,0.023111,0.022878,0.022625,0.022346,0.022039,0.021713,0.021363,0.020994,0.020601,0.020195,0.019769,0.019326,0.01887,0.0184,0.017918,0.017428,0.016932,0.016433,0.015927,0.015421,0.014915,0.014409,0.013906,0.01341,0.012921,0.012438,0.011962,0.011492,0.011033,0.010587,0.010147,0.0097179,0.0092984,0.0088923,0.0084961,0.0081099,0.0077337,0.0073675,0.0070113,0.006665,0.0063255,0.0059925,0.0056663,0.0053467,0.0050304,0.0047141,0.0044045,0.0040949,0.0037919,0.003489,0.0031894,0.0028931,0.0026001,0.0023138,0.0020341,0.0017645,0.0014981,0.0012451,0.0010021,0.00076904,0.00054599,0.00033625,0.0001365,-5.3267e-005,-0.00023304,-0.0003995,-0.0005593,-0.00071245,-0.0008556,-0.0009921,-0.0011253,-0.0012484,-0.0013683,-0.0014848,-0.0015914,-0.0016979,-0.0017978,-0.001891,-0.0019809,-0.0020674,-0.0021507,-0.0022306,-0.0023071,-0.0023804,-0.0024536,-0.0025269,-0.0025968,-0.00267,-0.0027433,-0.0028198,-0.0028997,-0.002983,-0.0030695,-0.0031594,-0.0032559,-0.0033592,-0.0034657,-0.0035789,-0.0036954,-0.0038186,-0.0039517,-0.0040849,-0.0042281,-0.0043779,-0.004531,-0.0046942,-0.0048606,-0.0050371,-0.0052168,-0.0054066,-0.0055997,-0.0058028,-0.0060125,-0.0062289,-0.0064486,-0.006675,-0.0069014,-0.0071345,-0.0073642,-0.0075939,-0.0078169,-0.0080367,-0.0082497,-0.0084495,-0.0086359,-0.0088057,-0.0089555,-0.009082,-0.0091852,-0.0092618,-0.0093051,-0.0093151,-0.0092918,-0.0092318,-0.0091353,-0.0089988,-0.008819,-0.0086026,-0.0083396,-0.0080367,-0.0076904,-0.0073009,-0.0068714,-0.0063987,-0.005886,-0.0053334,-0.0047441,-0.0041149,-0.003449,-0.0027499,-0.0020142,-0.0012518,-0.00045943,0.00035622,0.0011985,0.0020608,0.0029397,0.0038352,0.0047441,0.0056663,0.0065918,0.007524,0.0084561,0.0093883,0.010314,0.011229,0.012135,0.013027,0.013896,0.014748,0.015574,0.016376,0.017145,0.017881,0.018584,0.019246,0.019865,0.020445,0.020981,0.021473,0.021923,0.022326,0.022685,0.023005,0.023278,0.023514,0.02371,0.02387,0.023997,0.02409,0.024153,0.024187,0.024197,0.024187,0.024153,0.0241,0.02403,0.02395,0.023854,0.02375,0.023637,0.023517,0.023394,0.023268,0.023138,0.023008,0.022878,0.022748,0.022619,0.022489,0.022359,0.022229,0.022096,0.021963,0.021826,0.021683,0.021533,0.021373,0.0212,0.021014,0.020811,0.020591,0.020351,0.020092,0.019809,0.019502,0.019173,0.018817,0.018434,0.018021,0.017585,0.017115,0.016623,0.0161,0.015551,0.014971,0.014372,0.013746,0.0131,0.012431,0.011749,0.01105,0.01034,0.009618,0.0088889,0.0081598,0.0074241,0.0066883,0.0059559,0.0052268,0.0045044,0.0037853,0.0030795,0.0023804,0.0016979,0.0010254,0.00036621,-0.00027632,-0.00089888,-0.0015081,-0.0021007,-0.0026733,-0.0032293,-0.003772,-0.004298,-0.0048074,-0.0053001,-0.0057795,-0.0062422,-0.0066883,-0.0071178,-0.0075273,-0.0079201,-0.0082897,-0.0086392,-0.0089688,-0.0092751,-0.0095614,-0.0098211,-0.010061,-0.010274,-0.010467,-0.01064,-0.01079,-0.01092,-0.011033,-0.011133,-0.011216,-0.011289,-0.011353,-0.011409,-0.011459,-0.011509,-0.011552,-0.011599,-0.011642,-0.011689,-0.011739,-0.011792,-0.011849,-0.011912,-0.011982,-0.012058,-0.012138,-0.012228,-0.012325,-0.012428,-0.012538,-0.012651,-0.012771,-0.012894,-0.013024,-0.01315,-0.013283,-0.013413,-0.01354,-0.013666,-0.01379,-0.013906,-0.014013,-0.014112,-0.014202,-0.014282,-0.014345,-0.014395,-0.014429,-0.014445,-0.014442,-0.014419,-0.014372,-0.014302,-0.014202,-0.014079,-0.013923,-0.013736,-0.013517,-0.013267,-0.012981,-0.012658,-0.012298,-0.011905,-0.011476,-0.011006,-0.010504,-0.0099643,-0.0093916,-0.0087824,-0.0081365,-0.0074607,-0.0067549,-0.0060158,-0.0052468,-0.0044478,-0.0036255,-0.0027765,-0.0019043,-0.0010121,-0.0001032,0.00081898,0.0017545,0.0026966,0.0036421,0.0045876,0.0055331,0.0064686,0.0073975,0.0083097,0.0092052,0.010081,0.01093,0.011752,0.012544,0.013307,0.014029,0.014718,0.015368,0.015977,0.016546,0.017072,0.017558,0.018001,0.0184,0.018753,0.019066,0.019336,0.019559,0.019739,0.019875,0.019968,0.020018,0.020028,0.020002,0.019935,0.019832,0.019695,0.019529,0.019329,0.019103,0.018853,0.018577,0.018277,0.017958,0.017621,0.017265,0.016896,0.016509,0.016113,0.015707,0.015291,0.014865,0.014432,0.013986,0.013533,0.01307,0.012598,0.012112,0.011619,0.01111,0.010593,0.010064,0.0095248,0.0089755,0.0084162,0.0078502,0.0072743,0.0066917,0.0061057,0.0055131,0.0049205,0.0043279,0.0037387,0.0031561,0.0025768,0.0020075,0.0014515,0.00090887,0.00037953,-0.00012984,-0.00061923,-0.0010886,-0.0015348,-0.0019576,-0.0023571,-0.0027299,-0.0030795,-0.0034024,-0.0036954,-0.0039651,-0.0042081,-0.0044278,-0.0046209,-0.0047907,-0.0049372,-0.005067,-0.0051769,-0.0052701,-0.0053467,-0.0054099,-0.0054599,-0.0054998,-0.0055331,-0.0055564,-0.0055797,-0.0055964,-0.0056097,-0.005623,-0.0056363,-0.0056496,-0.0056596,-0.0056729,-0.0056863,-0.0057029,-0.0057162,-0.0057329,-0.0057495,-0.0057662,-0.0057828,-0.0057994,-0.0058194,-0.0058361,-0.0058527,-0.0058727,-0.0058927,-0.005916,-0.0059426,-0.0059726,-0.0060059,-0.0060425,-0.0060858,-0.0061357,-0.0061923,-0.0062589,-0.0063321,-0.0064153,-0.0065052,-0.0066051,-0.006715,-0.0068348,-0.0069613,-0.0070978,-0.0072377,-0.0073875,-0.0075439,-0.0077037,-0.0078669,-0.0080367,-0.0082065,-0.0083829,-0.0085593,-0.0087358,-0.0089122,-0.0090887,-0.0092651,-0.0094383,-0.0096114,-0.0097778,-0.0099443,-0.010104,-0.010261,-0.01041,-0.01055,-0.010683,-0.010807,-0.010923,-0.011026,-0.011116,-0.011193,-0.011256,-0.011303,-0.011329,-0.011339,-0.011326,-0.011293,-0.011233,-0.011149,-0.01104,-0.0109,-0.01073,-0.010534,-0.010304,-0.010041,-0.0097479,-0.0094216,-0.0090621,-0.0086692,-0.0082431,-0.007787,-0.0072943,-0.0067749,-0.0062223,-0.005643,-0.0050371,-0.0044078,-0.0037553,-0.0030828,-0.0023937,-0.0016879,-0.00096879,-0.0002397,0.00049605,0.0012351,0.0019775,0.0027199,0.003459,0.0041881,0.0049106,0.0056163,0.0063088,0.0069813,0.0076338,0.008263,0.0088656,0.0094449,0.0099942,0.010517,0.011013,0.011479,0.011912,0.012321,0.012698,0.013047,0.013367,0.013663,0.013929,0.014172,0.014389,0.014585,0.014758,0.014911,0.015045,0.015161,0.015258,0.015341,0.015407,0.015457,0.015497,0.015521,0.015531,0.015531,0.015517,0.015494,0.015461,0.015421,0.015368,0.015304,0.015231,0.015151,0.015058,0.014951,0.014838,0.014715,0.014582,0.014442,0.014292,0.014139,0.013979,0.013816,0.013646,0.01348,0.013313,0.013147,0.012987,0.012827,0.012674,0.012524,0.012381,0.012245,0.012112,0.011982,0.011855,0.011735,0.011616,0.011499,0.011379,0.011259,0.011136,0.01101,0.010873,0.01073,0.010577,0.010414,0.010241,0.010051,0.0098477,0.0096247,0.0093883,0.0091286,0.0088523,0.0085593,0.0082464,0.0079168,0.0075672,0.0072044,0.0068215,0.0064287,0.0060192,0.0055997,0.0051702,0.0047341,0.0042913,0.0038452,0.0033924,0.002943,0.0024902,0.0020408,0.001598,0.0011586,0.00072576,0.00030296,-0.00010653,-0.00050604,-0.00089222,-0.0012651,-0.0016213,-0.0019609,-0.0022838,-0.0025901,-0.0028831,-0.0031594,-0.0034224,-0.0036721,-0.0039085,-0.0041349,-0.0043546,-0.0045676,-0.0047741,-0.0049771,-0.0051802,-0.0053833,-0.0055864,-0.0057895,-0.0059992,-0.0062089,-0.006422,-0.0066417,-0.0068581,-0.0070812,-0.0073009,-0.0075273,-0.0077504,-0.0079767,-0.0082065,-0.0084362,-0.0086659,-0.0088956,-0.0091253,-0.009355,-0.0095814,-0.0098078,-0.010028,-0.010244,-0.010454,-0.01066,-0.01086,-0.011053,-0.011239,-0.011422,-0.011596,-0.011762,-0.011919,-0.012068,-0.012211,-0.012341,-0.012461,-0.012571,-0.012671,-0.012757,-0.012831,-0.012894,-0.012944,-0.012984,-0.01301,-0.013027,-0.01303,-0.013027,-0.01301,-0.012987,-0.012951,-0.012907,-0.012854,-0.012794,-0.012721,-0.012644,-0.012554,-0.012458,-0.012355,-0.012245,-0.012128,-0.012005,-0.011875,-0.011745,-0.011609,-0.011476,-0.011339,-0.011206,-0.011073,-0.010946,-0.01082,-0.010703,-0.010593,-0.01049,-0.010394,-0.010307,-0.010234,-0.010171,-0.010117,-0.010081,-0.010057,-0.010051,-0.010061,-0.010087,-0.010131,-0.010194,-0.010274,-0.010374,-0.010487,-0.010617,-0.01076,-0.010916,-0.011083,-0.011256,-0.011436,-0.011612,-0.011789,-0.011962,-0.012125,-0.012278,-0.012418,-0.012541,-0.012648,-0.012734,-0.012801,-0.012844,-0.012864,-0.012864,-0.012841,-0.012794,-0.012727,-0.012638,-0.012524,-0.012395,-0.012241,-0.012068,-0.011882,-0.011675,-0.011452,-0.011219,-0.010973,-0.010713,-0.01045,-0.010177,-0.009901,-0.0096214,-0.0093417,-0.0090654,-0.0087891,-0.0085227,-0.0082597,-0.0080034,-0.0077603,-0.0075306,-0.0073109,-0.0071111,-0.0069247,-0.0067549,-0.0066051,-0.0064753,-0.0063654,-0.0062755,-0.0062089,-0.0061623,-0.0061424,-0.0061457,-0.0061723,-0.0062223,-0.0062955,-0.006392,-0.0065119,-0.0066517,-0.0068115,-0.006988,-0.0071811,-0.0073875,-0.0076039,-0.0078303,-0.0080633,-0.0082963,-0.0085327,-0.0087624,-0.0089888,-0.0092085,-0.0094149,-0.0096114,-0.0097878,-0.0099509,-0.010094,-0.010217,-0.010324,-0.010407,-0.010474,-0.010517,-0.010537,-0.01054,-0.010524,-0.010487,-0.01043,-0.010357,-0.010271,-0.010164,-0.010047,-0.0099177,-0.0097778,-0.009628,-0.0094682,-0.0093018,-0.0091286,-0.0089522,-0.0087691,-0.0085827,-0.0083929,-0.0082031,-0.0080167,-0.0078269,-0.0076405,-0.0074574,-0.0072776,-0.0071012,-0.0069314,-0.0067649,-0.0066051,-0.006452,-0.0063055,-0.006169,-0.0060392,-0.0059193,-0.0058094,-0.0057096,-0.0056197,-0.0055398,-0.0054699,-0.0054133,-0.00537,-0.00534,-0.00532,-0.0053167,-0.0053234,-0.0053433,-0.0053766,-0.0054233,-0.0054798,-0.0055464,-0.005623,-0.0057096,-0.0058028,-0.0059027,-0.0060092,-0.0061191,-0.0062356,-0.0063554,-0.0064786,-0.0066018,-0.0067283,-0.0068548,-0.0069813,-0.0071078,-0.0072343,-0.0073575,-0.007484,-0.0076072,-0.007727,-0.0078436,-0.0079601,-0.0080733,-0.0081798,-0.008283,-0.0083829,-0.0084761,-0.008566,-0.0086492,-0.0087291,-0.0088024,-0.0088723,-0.0089355,-0.0089988,-0.0090554,-0.0091087,-0.0091586,-0.0092052,-0.0092485,-0.0092884,-0.0093284,-0.009365,-0.0093983,-0.0094316,-0.0094649,-0.0094915,-0.0095182,-0.0095448,-0.0095681,-0.0095881,-0.0096047,-0.0096214,-0.0096347,-0.009648,-0.0096613,-0.0096713,-0.0096813,-0.0096946,-0.0097046,-0.0097212,-0.0097379,-0.0097579,-0.0097812,-0.0098111,-0.0098477,-0.0098877,-0.0099343,-0.0099842,-0.010041,-0.010104,-0.010171,-0.010244,-0.010317,-0.010394,-0.010474,-0.01055,-0.010627,-0.010703,-0.010773,-0.010837,-0.010896,-0.010946,-0.01099,-0.011026,-0.011053,-0.011073,-0.01108,-0.01108,-0.011073,-0.011053,-0.011026,-0.010986,-0.01094,-0.010883,-0.010817,-0.010743,-0.010657,-0.010567,-0.01047,-0.010364,-0.010254,-0.010141,-0.010024,-0.0099043,-0.0097845,-0.0096613,-0.0095381,-0.0094149,-0.0092918,-0.0091719,-0.0090487,-0.0089256,-0.0088024,-0.0086825,-0.0085593,-0.0084395,-0.0083196,-0.0081965,-0.0080733,-0.0079468,-0.0078169,-0.0076838,-0.0075473,-0.0074041,-0.0072543,-0.0070978,-0.0069347,-0.0067649,-0.0065885,-0.0064054,-0.0062156,-0.0060192,-0.0058128,-0.005603,-0.0053866,-0.0051636,-0.0049372,-0.0047108,-0.0044778,-0.004248,-0.004015,-0.0037886,-0.0035656,-0.0033525,-0.0031494,-0.0029596,-0.0027832,-0.0026201,-0.0024736,-0.0023471,-0.0022405,-0.002154,-0.0020841,-0.0020375,-0.0020108,-0.0020008,-0.0020075,-0.0020308,-0.0020708,-0.0021174,-0.0021773,-0.0022405,-0.0023105,-0.0023837,-0.0024569,-0.0025269,-0.0025934,-0.0026534,-0.0027066,-0.0027532,-0.0027865,-0.0028132,-0.0028298,-0.0028398,-0.0028398,-0.0028331,-0.0028198,-0.0028032,-0.0027832,-0.0027599,-0.0027399,-0.0027266,-0.0027133,-0.00271,-0.0027166,-0.0027299,-0.0027566,-0.0027965,-0.0028498,-0.002913,-0.0029929,-0.0030862,-0.003196,-0.0033159,-0.0034524,-0.0035989,-0.0037587,-0.0039284,-0.0041082,-0.0042947,-0.0044877,-0.0046875,-0.0048906,-0.005097,-0.0053067,-0.0055165,-0.0057229,-0.0059293,-0.006129,-0.0063255,-0.0065119,-0.0066917,-0.0068615,-0.0070179,-0.0071611,-0.0072943,-0.0074108,-0.007514,-0.0076039,-0.0076838,-0.007747,-0.0078003,-0.0078436,-0.0078802,-0.0079035,-0.0079235,-0.0079335,-0.0079401,-0.0079434,-0.0079401,-0.0079368,-0.0079301,-0.0079201,-0.0079135,-0.0079002,-0.0078869,-0.0078702,-0.0078536,-0.0078303,-0.007807,-0.0077836,-0.0077537,-0.0077204,-0.0076871,-0.0076471,-0.0076039,-0.0075606,-0.0075107,-0.0074607,-0.0074041,-0.0073442,-0.0072776,-0.007211,-0.0071378,-0.0070612,-0.0069846,-0.0069014,-0.0068182,-0.006735,-0.0066484,-0.0065618,-0.0064719,-0.0063854,-0.0062988,-0.0062123,-0.006129,-0.0060425,-0.0059593,-0.005876,-0.0057961,-0.0057129,-0.005633,-0.0055531,-0.0054732,-0.0053933,-0.0053134,-0.0052368,-0.0051569,-0.0050803,-0.0050071,-0.0049339,-0.0048606,-0.0047874,-0.0047208,-0.0046542,-0.0045876,-0.0045277,-0.0044678,-0.0044112,-0.0043612,-0.0043113,-0.0042647,-0.0042247,-0.0041881,-0.0041548,-0.0041282,-0.0041049,-0.0040882,-0.0040749,-0.0040683,-0.0040649,-0.0040683,-0.0040783,-0.0040916,-0.0041115,-0.0041349,-0.0041615,-0.0041948,-0.0042347,-0.0042747,-0.0043246,-0.0043746,-0.0044278,-0.0044844,-0.004541,-0.0046009,-0.0046609,-0.0047208,-0.0047774,-0.004834,-0.0048873,-0.0049372,-0.0049805,-0.0050171,-0.0050504,-0.0050737,-0.0050937,-0.005107,-0.0051136,-0.005117,-0.0051136,-0.0051103,-0.0051036,-0.0050937,-0.0050903,-0.005087,-0.0050903,-0.0051036,-0.0051236,-0.0051569,-0.0052035,-0.0052601,-0.0053367,-0.0054233,-0.0055298,-0.0056496,-0.0057895,-0.0059426,-0.0061091,-0.0062888,-0.0064853,-0.0066917,-0.0069047,-0.0071278,-0.0073509,-0.0075806,-0.007807,-0.0080267,-0.0082397,-0.0084428,-0.0086326,-0.008809,-0.0089655,-0.0091053,-0.0092219,-0.0093117,-0.0093817,-0.0094249,-0.0094416,-0.0094316,-0.0093983,-0.0093384,-0.0092518,-0.0091453,-0.0090154,-0.0088656,-0.0086992,-0.0085161,-0.0083196,-0.0081099,-0.0078935,-0.0076671,-0.0074341,-0.007201,-0.0069647,-0.0067316,-0.0065019,-0.0062789,-0.0060625,-0.005856,-0.0056596,-0.0054765,-0.0053067,-0.0051536,-0.0050138,-0.0048906,-0.0047807,-0.0046908,-0.0046143,-0.0045577,-0.0045144,-0.0044877,-0.0044744,-0.0044744,-0.0044877,-0.0045111,-0.0045443,-0.0045876,-0.0046342,-0.0046875,-0.0047441,-0.004804,-0.0048673,-0.0049305,-0.0049905,-0.0050537,-0.0051136,-0.0051702,-0.0052268,-0.0052801,-0.0053334,-0.00538,-0.0054233,-0.0054632,-0.0055032,-0.0055398,-0.0055731,-0.0056064,-0.0056396,-0.0056729,-0.0057029,-0.0057362,-0.0057662,-0.0057994,-0.0058294,-0.0058627,-0.005896,-0.0059293,-0.0059659,-0.0060025,-0.0060392,-0.0060824,-0.0061257,-0.006169,-0.0062156,-0.0062622,-0.0063121,-0.0063621,-0.006412,-0.006462,-0.0065119,-0.0065652,-0.0066151,-0.0066684,-0.0067183,-0.0067716,-0.0068215,-0.0068714,-0.0069214,-0.0069713,-0.0070213,-0.0070712,-0.0071178,-0.0071644,-0.0072077,-0.0072476,-0.0072876,-0.0073209,-0.0073542,-0.0073841,-0.0074108,-0.0074308,-0.0074474,-0.0074574,-0.0074607,-0.0074574,-0.0074474,-0.0074241,-0.0073941,-0.0073475,-0.0072909,-0.007221,-0.0071345,-0.0070312,-0.0069114,-0.0067749,-0.0066184,-0.0064453,-0.0062555,-0.0060458,-0.0058194,-0.0055764,-0.0053167,-0.0050437,-0.0047574,-0.0044578,-0.0041482,-0.0038286,-0.003499,-0.0031594,-0.0028165,-0.0024703,-0.0021207,-0.0017678,-0.0014182,-0.001072,-0.00072909,-0.00039284,-6.3255e-005,0.00025635,0.00056263,0.0008556,0.0011386,0.0014082,0.0016679,0.001911,0.002144,0.0023637,0.0025701,0.0027632,0.002943,0.0031128,0.0032726,0.0034191,0.0035556,0.0036821,0.0038019,0.0039118,0.0040183,0.0041182,0.0042114,0.0043013,0.0043879,0.0044678,0.0045443,0.0046143,0.0046842,0.0047508,0.004814,0.0048739,0.0049305,0.0049871,0.0050437,0.0051036,0.0051602,0.0052202,0.0052801,0.0053433,0.0054099,0.0054798,0.0055564,0.005633,0.0057129,0.0057928,0.005876
