0.00090221,0.00089222,0.00089555,0.0009122,0.00094216,0.00098877,0.001052,0.0011286,0.0012285,0.0013417,0.0014782,0.0016313,0.0018044,0.0020008,0.0022139,0.0024503,0.0027033,0.002973,0.0032593,0.0035589,0.0038685,0.0041915,0.004521,0.004854,0.0051902,0.0055298,0.0058627,0.0061956,0.0065186,0.0068348,0.0071345,0.0074208,0.0076871,0.0079335,0.0081499,0.0083429,0.0085028,0.0086293,0.0087225,0.0087791,0.008799,0.0087791,0.0087225,0.0086293,0.0084961,0.0083263,0.0081232,0.0078869,0.0076172,0.0073242,0.0070013,0.0066584,0.0062988,0.0059226,0.0055331,0.0051403,0.0047408,0.0043446,0.0039484,0.0035622,0.0031827,0.0028165,0.0024636,0.002124,0.0018044,0.0015015,0.0012152,0.00095215,0.00070579,0.00047607,0.00026966,7.9901e-005,-8.9888e-005,-0.00024636,-0.00038286,-0.00050604,-0.0006159,-0.00071245,-0.00079568,-0.00087225,-0.00093883,-0.00099876,-0.001052,-0.0010986,-0.0011386,-0.0011719,-0.0012052,-0.0012318,-0.0012584,-0.0012851,-0.0013117,-0.001335,-0.0013616,-0.0013883,-0.0014149,-0.0014415,-0.0014682,-0.0014948,-0.0015248,-0.0015547,-0.0015847,-0.001618,-0.0016546,-0.0016946,-0.0017378,-0.0017844,-0.0018377,-0.001891,-0.0019509,-0.0020175,-0.0020841,-0.002154,-0.0022272,-0.0023038,-0.0023804,-0.0024536,-0.0025269,-0.0025968,-0.00266,-0.0027166,-0.0027666,-0.0028032,-0.0028298,-0.0028465,-0.0028498,-0.0028398,-0.0028165,-0.0027799,-0.0027299,-0.0026634,-0.0025868,-0.0025002,-0.002397,-0.0022872,-0.002164,-0.0020341,-0.0018943,-0.0017478,-0.0015947,-0.0014349,-0.0012684,-0.0010986,-0.00092551,-0.0007524,-0.00057595,-0.0003995,-0.00022306,-4.3279e-005,0.00012984,0.00030296,0.00047607,0.00064253,0.00080899,0.00096879,0.0011286,0.0012817,0.0014349,0.0015814,0.0017245,0.001861,0.0019975,0.0021307,0.0022572,0.0023804,0.0025002,0.0026134,0.0027233,0.0028265,0.0029264,0.0030162,0.0030995,0.003176,0.003246,0.0033059,0.0033592,0.0034024,0.0034391,0.0034657,0.0034857,0.003499,0.0035056,0.0035056,0.003499,0.0034857,0.0034657,0.0034357,0.0034024,0.0033625,0.0033159,0.0032626,0.0031994,0.0031294,0.0030529,0.002973,0.0028831,0.0027899,0.0026933,0.0025934,0.0024902,0.0023837,0.0022772,0.002174,0.0020708,0.0019742,0.0018777,0.0017944,0.0017145,0.0016479,0.0015914,0.0015481,0.0015148,0.0014981,0.0014915,0.0014981,0.0015148,0.0015414,0.0015747,0.0016147,0.0016579,0.0017045,0.0017478,0.0017844,0.0018177,0.001841,0.001851,0.001851,0.0018311,0.0017944,0.0017412,0.0016679,0.0015747,0.0014582,0.001325,0.0011719,0.00099543,0.00080566,0.00059592,0.00036954,0.00012984,-0.00012318,-0.00038286,-0.00064919,-0.00091886,-0.0011885,-0.0014549,-0.0017179,-0.0019676,-0.0022039,-0.002427,-0.0026334,-0.0028165,-0.0029796,-0.0031161,-0.0032293,-0.0033159,-0.0033725,-0.0034024,-0.0034024,-0.0033725,-0.0033159,-0.0032326,-0.0031228,-0.0029863,-0.0028298,-0.0026534,-0.0024569,-0.0022439,-0.0020175,-0.0017778,-0.0015281,-0.0012718,-0.0010087,-0.00073908,-0.00046276,-0.00018976,8.9888e-005,0.00036621,0.0006392,0.0009122,0.0011785,0.0014415,0.0016946,0.0019409,0.002174,0.0024003,0.0026134,0.0028132,0.0029996,0.0031727,0.0033325,0.0034757,0.0036088,0.0037254,0.0038319,0.0039218,0.0040017,0.0040683,0.0041215,0.0041615,0.0041881,0.0042014,0.0042048,0.0041948,0.0041715,0.0041382,0.0040949,0.0040383,0.0039717,0.0038952,0.0038086,0.0037154,0.0036122,0.0035056,0.0033958,0.0032826,0.0031694,0.0030562,0.0029497,0.0028465,0.0027532,0.0026733,0.0026034,0.0025502,0.0025102,0.0024902,0.0024902,0.0025069,0.0025468,0.0026068,0.00269,0.0027932,0.0029164,0.0030595,0.0032227,0.0034024,0.0035989,0.0038153,0.0040416,0.0042847,0.0045377,0.0048007,0.0050704,0.00535,0.0056297,0.0059126,0.0061956,0.0064786,0.0067549,0.0070279,0.0072909,0.0075406,0.0077836,0.0080067,0.0082164,0.0084062,0.008576,0.0087258,0.0088523,0.0089589,0.0090388,0.0090953,0.0091286,0.0091386,0.009122,0.0090854,0.0090254,0.0089389,0.0088357,0.0087058,0.0085527,0.0083796,0.0081865,0.0079701,0.0077337,0.007474,0.0071944,0.0068981,0.0065785,0.0062422,0.0058893,0.0055165,0.0051336,0.0047341,0.0043246,0.0039051,0.003479,0.0030495,0.0026101,0.0021706,0.0017312,0.0012951,0.00085893,0.00042947,6.6584e-006,-0.00040283,-0.00080566,-0.0011918,-0.0015647,-0.0019209,-0.0022572,-0.0025735,-0.0028664,-0.0031394,-0.0033858,-0.0036088,-0.0038053,-0.0039784,-0.0041282,-0.004248,-0.0043479,-0.0044212,-0.0044678,-0.0044944,-0.0044977,-0.0044811,-0.0044445,-0.0043879,-0.0043113,-0.0042214,-0.0041115,-0.0039917,-0.0038552,-0.0037087,-0.0035456,-0.0033758,-0.0031927,-0.0029996,-0.0027965,-0.0025835,-0.0023637,-0.002134,-0.0018976,-0.0016546,-0.0014082,-0.0011552,-0.00089888,-0.00064253,-0.00038286,-0.00012651,0.00013317,0.00038952,0.00064253,0.00089222,0.0011386,0.0013783,0.001618,0.0018477,0.0020741,0.0022938,0.0025069,0.00271,0.0029097,0.0031028,0.0032859,0.0034624,0.0036321,0.0037919,0.0039418,0.0040849,0.0042181,0.0043379,0.0044511,0.0045577,0.0046509,0.0047374,0.0048207,0.0048939,0.0049638,0.0050271,0.0050903,0.0051503,0.0052102,0.0052668,0.00533,0.0053933,0.0054599,0.0055331,0.0056097,0.0056896,0.0057761,0.0058694,0.0059626,0.0060591,0.006159,0.0062589,0.0063588,0.006462,0.0065585,0.0066584,0.0067549,0.0068448,0.0069314,0.0070146,0.0070912,0.0071611,0.0072243,0.0072809,0.0073275,0.0073642,0.0073908,0.0074108,0.0074174,0.0074141,0.0074008,0.0073775,0.0073442,0.0073042,0.007251,0.0071911,0.0071245,0.0070479,0.006968,0.0068781,0.0067816,0.0066817,0.0065751,0.006462,0.0063488,0.0062289,0.0061057,0.0059792,0.0058527,0.0057229,0.005593,0.0054599,0.0053267,0.0051902,0.0050504,0.0049106,0.0047674,0.0046242,0.0044778,0.0043279,0.0041781,0.0040283,0.0038752,0.0037187,0.0035622,0.0034024,0.0032426,0.0030795,0.002913,0.0027433,0.0025701,0.0023937,0.0022139,0.0020308,0.001841,0.0016446,0.0014449,0.0012385,0.0010287,0.00081565,0.00059592,0.00037287,0.00014316,-8.9888e-005,-0.00032626,-0.00056929,-0.00081232,-0.001062,-0.0013117,-0.001568,-0.0018244,-0.0020807,-0.0023404,-0.0026001,-0.0028631,-0.0031195,-0.0033791,-0.0036321,-0.0038818,-0.0041249,-0.0043612,-0.0045876,-0.0048074,-0.0050138,-0.0052102,-0.00539,-0.0055597,-0.0057129,-0.0058494,-0.0059759,-0.0060824,-0.0061756,-0.0062522,-0.0063155,-0.0063621,-0.006392,-0.0064087,-0.006412,-0.006402,-0.0063787,-0.0063454,-0.0062988,-0.0062456,-0.006179,-0.0061057,-0.0060225,-0.0059326,-0.0058361,-0.0057329,-0.005623,-0.0055065,-0.0053833,-0.0052501,-0.0051103,-0.0049605,-0.004804,-0.0046376,-0.0044644,-0.004278,-0.0040882,-0.0038852,-0.0036754,-0.0034524,-0.003226,-0.0029863,-0.0027433,-0.0024936,-0.0022339,-0.0019742,-0.0017145,-0.0014515,-0.0011918,-0.00093883,-0.00068914,-0.00044944,-0.0002164,0,0.00020641,0.00039617,0.00057262,0.00072909,0.00087225,0.0009921,0.0010953,0.0011785,0.0012451,0.0012884,0.0013117,0.001315,0.0012951,0.0012551,0.0011952,0.0011153,0.0010121,0.00089222,0.00075573,0.00060258,0.00043612,0.00025635,6.6584e-005,-0.00013317,-0.00033625,-0.00054266,-0.00074907,-0.00095548,-0.0011552,-0.001345,-0.0015281,-0.0016979,-0.001851,-0.0019842,-0.0021007,-0.0021973,-0.0022672,-0.0023171,-0.0023437,-0.0023471,-0.0023238,-0.0022772,-0.0022039,-0.0021107,-0.0019942,-0.0018577,-0.0017045,-0.0015281,-0.0013383,-0.0011319,-0.0009122,-0.00068248,-0.00043945,-0.00019309,6.3255e-005,0.00032293,0.00058261,0.00084561,0.0011053,0.001365,0.001618,0.001861,0.0021007,0.0023271,0.0025435,0.0027466,0.002933,0.0031061,0.0032626,0.0033991,0.003519,0.0036188,0.0036954,0.003752,0.0037853,0.0037986,0.0037886,0.0037587,0.0037054,0.0036288,0.0035323,0.0034157,0.0032826,0.0031328,0.0029663,0.0027865,0.0025968,0.0024003,0.0021973,0.0019909,0.0017811,0.001578,0.001375,0.0011785,0.00098877,0.00080566,0.00063255,0.00047274,0.00032293,0.00018976,6.6584e-005,-3.995e-005,-0.00012984,-0.00020308,-0.00025968,-0.00030296,-0.00032959,-0.00033958,-0.00033292,-0.00031294,-0.00027965,-0.00022971,-0.00016979,-9.6547e-005,-1.6646e-005,7.6571e-005,0.00017645,0.00028298,0.00039617,0.00050937,0.00062589,0.00074241,0.00085893,0.00096879,0.0010787,0.0011819,0.0012784,0.001365,0.0014482,0.0015181,0.001578,0.0016246,0.0016613,0.0016846,0.0016946,0.0016879,0.0016713,0.001638,0.001588,0.0015248,0.0014482,0.001355,0.0012484,0.0011286,0.00099876,0.00085227,0.0006958,0.00052934,0.00034956,0.00016646,-2.6634e-005,-0.00021973,-0.00041948,-0.0006159,-0.00081565,-0.0010087,-0.0011985,-0.0013849,-0.0015614,-0.0017312,-0.001891,-0.0020375,-0.0021773,-0.0023038,-0.0024203,-0.0025235,-0.0026167,-0.0027,-0.0027699,-0.0028265,-0.0028764,-0.0029097,-0.0029363,-0.0029463,-0.0029463,-0.0029297,-0.0029031,-0.0028598,-0.0027998,-0.0027266,-0.0026367,-0.0025302,-0.002407,-0.0022705,-0.0021174,-0.0019476,-0.0017611,-0.0015647,-0.0013517,-0.0011286,-0.00089555,-0.00065585,-0.00040949,-0.00015647,9.6547e-005,0.00034956,0.00059925,0.00084561,0.001082,0.0013084,0.0015281,0.0017345,0.0019309,0.002114,0.0022872,0.0024436,0.0025901,0.0027266,0.0028498,0.002963,0.0030662,0.0031627,0.0032493,0.0033325,0.0034124,0.003489,0.0035722,0.0036588,0.0037487,0.0038485,0.0039617,0.0040849,0.0042214,0.0043746,0.0045443,0.0047374,0.0049472,0.0051802,0.0054366,0.0057129,0.0060092,0.0063255,0.0066617,0.0070146,0.0073875,0.0077703,0.0081665,0.008576,0.0089955,0.0094249,0.0098577,0.010301,0.010747,0.011199,0.011652,0.012112,0.012571,0.013037,0.013503,0.013976,0.014452,0.014935,0.015424,0.015917,0.016416,0.016922,0.017435,0.017954,0.01848,0.019013,0.019552,0.020098,0.020648,0.021204,0.02176,0.022322,0.022885,0.023447,0.024007,0.024566,0.025119,0.025665,0.026197,0.026717,0.027219,0.027699,0.028158,0.028588,0.028991,0.02936,0.029696,0.029999,0.030269,0.030502,0.030698,0.030862,0.030991,0.031085,0.031151,0.031185,0.031191,0.031171,0.031128,0.031061,0.030971,0.030862,0.030735,0.030592,0.030435,0.030262,0.030076,0.029876,0.029666,0.029443,0.029207,0.028961,0.028701,0.028431,0.028145,0.027849,0.027539,0.027216,0.026877,0.026527,0.026164,0.025785,0.025392,0.024986,0.024569,0.024137,0.023694,0.023238,0.022772,0.022292,0.021803,0.021303,0.020797,0.020278,0.019752,0.019219,0.01868,0.018134,0.017581,0.017025,0.016466,0.015907,0.015344,0.014785,0.014226,0.01367,0.013117,0.012571,0.012032,0.011499,0.01097,0.01045,0.0099376,0.0094316,0.0089355,0.0084462,0.0079668,0.007494,0.0070346,0.0065818,0.0061424,0.0057129,0.0052934,0.0048839,0.0044877,0.0041016,0.0037287,0.0033691,0.0030229,0.0026867,0.0023637,0.0020508,0.0017512,0.0014648,0.0011918,0.00092884,0.00068248,0.00045277,0.0002397,4.3279e-005,-0.0001365,-0.00029297,-0.00043279,-0.00054932,-0.00064919,-0.00072576,-0.00078236,-0.00081565,-0.00082897,-0.00082564,-0.00080233,-0.00076238,-0.00070912,-0.0006392,-0.00056263,-0.00047274,-0.0003762,-0.00027632,-0.00017312,-6.6584e-005,3.6621e-005,0.00013983,0.0002397,0.00033625,0.00042947,0.00051602,0.00059925,0.00067583,0.00074574,0.00080899,0.00086559,0.00091553,0.00096214,0.00099876,0.0010287,0.001052,0.0010687,0.0010787,0.001082,0.0010787,0.0010653,0.0010487,0.0010221,0.00098877,0.00094882,0.00090221,0.00084894,0.00078569,0.00071911,0.00064253,0.00056263,0.00047607,0.00038619,0.00028964,0.00019309,9.9876e-005,3.3292e-006,-8.6559e-005,-0.00017312,-0.00024969,-0.00031294,-0.00036621,-0.00040283,-0.00042614,-0.00042614,-0.00040283,-0.00035289,-0.00027632,-0.00016646,-1.9975e-005,0.00016313,0.00038619,0.00065252,0.00096547,0.0013283,0.0017412,0.0022006,0.0027166,0.0032826,0.0039018,0.0045743,0.0052967,0.0060691,0.0068848,0.007747,0.0086526,0.0095914,0.010567,0.011576,0.012608,0.013663,0.014738,0.015827,0.016922,0.018021,0.01912,0.020212,0.021287,0.022346,0.023378,0.02438,0.025345,0.026274,0.02716,0.027998,0.028791,0.02953,0.030219,0.030852,0.031434,0.03196,0.032433,0.032852,0.033219,0.033538,0.033808,0.034031,0.034211,0.034347,0.034444,0.034504,0.034524,0.034507,0.034457,0.034374,0.034261,0.034121,0.033951,0.033758,0.033542,0.033302,0.033039,0.032759,0.032456,0.032137,0.0318,0.031444,0.031071,0.030685,0.030279,0.02986,0.029427,0.028977,0.028518,0.028042,0.027559,0.027063,0.026557,0.026041,0.025518,0.024989,0.02445,0.023907,0.023358,0.022805,0.022249,0.02169,0.02113,0.020568,0.020005,0.019442,0.01888,0.018317,0.017758,0.017202,0.016649,0.0161,0.015554,0.015015,0.014482,0.013956,0.013437,0.012921,0.012415,0.011912,0.011419,0.01093,0.01045,0.0099809,0.0095182,0.0090621,0.0086193,0.0081831,0.0077603,0.0073442,0.006938,0.0065419,0.0061557,0.0057761,0.0054099,0.0050504,0.0047041,0.0043646,0.0040316,0.0037087,0.0033958,0.0030928,0.0027965,0.0025069,0.0022272,0.0019542,0.0016912,0.0014382,0.0011918,0.00095215,0.00072243,0.00049938,0.00028298,7.3242e-005,-0.00013317,-0.00033292,-0.00052934,-0.00071911,-0.00090887,-0.001092,-0.0012751,-0.0014515,-0.001628,-0.0018011,-0.0019709,-0.0021407,-0.0023071,-0.0024769,-0.00264,-0.0028065,-0.0029696,-0.0031328,-0.0032959,-0.0034557,-0.0036155,-0.003772,-0.0039284,-0.0040816,-0.0042314,-0.0043779,-0.004521,-0.0046609,-0.0047974,-0.0049272,-0.0050537,-0.0051736,-0.0052868,-0.0053966,-0.0054965,-0.005593,-0.0056796,-0.0057562,-0.0058228,-0.0058793,-0.005926,-0.0059559,-0.0059726,-0.0059692,-0.0059526,-0.0059126,-0.0058527,-0.0057662,-0.005653,-0.0055131,-0.00534,-0.0051369,-0.0048972,-0.0046176,-0.0043013,-0.0039451,-0.0035423,-0.0030995,-0.0026101,-0.0020741,-0.0014948,-0.00087225,-0.00020641,0.00050604,0.0012584,0.0020508,0.0028797,0.0037453,0.0046442,0.0055697,0.0065219,0.0074973,0.0084928,0.0095015,0.010524,0.011552,0.012588,0.013623,0.014655,0.01568,0.016699,0.017701,0.018687,0.019656,0.020598,0.02152,0.022409,0.023271,0.024103,0.024899,0.025658,0.02638,0.027066,0.027709,0.028311,0.028867,0.029383,0.029853,0.030276,0.030652,0.030981,0.031264,0.031501,0.031694,0.031837,0.03194,0.031997,0.032013,0.03199,0.031927,0.031824,0.031687,0.031514,0.031308,0.031068,0.030798,0.030502,0.030176,0.029826,0.029453,0.029057,0.028644,0.028208,0.027755,0.027289,0.026807,0.026307,0.025798,0.025272,0.024739,0.024193,0.023637,0.023075,0.022505,0.021929,0.021353,0.020774,0.020195,0.019619,0.019043,0.018474,0.017908,0.017348,0.016799,0.016253,0.01572,0.015194,0.014675,0.014169,0.013673,0.013187,0.012711,0.012245,0.011792,0.011346,0.01091,0.010484,0.010064,0.0096513,0.0092452,0.0088457,0.0084495,0.00806,0.0076738,0.0072909,0.0069114,0.0065385,0.0061657,0.0057994,0.0054332,0.0050704,0.0047108,0.0043546,0.0039984,0.0036455,0.0032926,0.002943,0.0025968,0.0022505,0.0019043,0.0015614,0.0012218,0.00088556,0.00055597,0.00022638,-9.6547e-005,-0.00041615,-0.00073242,-0.001042,-0.0013483,-0.0016513,-0.0019442,-0.0022339,-0.0025135,-0.0027865,-0.0030462,-0.0032959,-0.0035323,-0.0037553,-0.0039617,-0.0041548,-0.0043313,-0.0044944,-0.0046376,-0.0047674,-0.0048806,-0.0049771,-0.0050604,-0.005127,-0.0051835,-0.0052302,-0.0052668,-0.0052934,-0.0053167,-0.00533,-0.0053367,-0.00534,-0.00534,-0.0053367,-0.00533,-0.00532,-0.0053101,-0.0052967,-0.0052834,-0.0052701,-0.0052535,-0.0052401,-0.0052268,-0.0052135,-0.0052035,-0.0051935,-0.0051869,-0.0051802,-0.0051769,-0.0051736,-0.0051736,-0.0051769,-0.0051835,-0.0051869,-0.0051969,-0.0052035,-0.0052135,-0.0052235,-0.0052335,-0.0052401,-0.0052468,-0.0052501,-0.0052501,-0.0052435,-0.0052302,-0.0052102,-0.0051802,-0.0051369,-0.0050803,-0.0050104,-0.0049239,-0.0048173,-0.0046908,-0.0045443,-0.0043712,-0.0041781,-0.0039584,-0.0037154,-0.0034457,-0.0031527,-0.0028298,-0.0024869,-0.002114,-0.0017179,-0.0012951,-0.00084894,-0.00037287,0.00012318,0.00064586,0.0011918,0.0017645,0.0023571,0.0029696,0.0036055,0.0042614,0.0049372,0.0056263,0.0063354,0.0070579,0.0077903,0.0085327,0.0092851,0.010041,0.0108,0.011559,0.012315,0.01307,0.013816,0.014559,0.015288,0.01601,0.016716,0.017408,0.018081,0.01874,0.019376,0.019992,0.020584,0.021154,0.021693,0.022206,0.022692,0.023148,0.023574,0.023967,0.02433,0.024659,0.024956,0.025219,0.025452,0.025648,0.025815,0.025951,0.026054,0.026127,0.026171,0.026184,0.026171,0.026134,0.026068,0.025978,0.025864,0.025731,0.025575,0.025402,0.025209,0.024996,0.024769,0.024526,0.02427,0.024,0.023717,0.023421,0.023111,0.022792,0.022459,0.022116,0.02176,0.021393,0.021017,0.020628,0.020231,0.019825,0.019413,0.018986,0.018557,0.018117,0.017671,0.017219,0.016759,0.016296,0.015824,0.015348,0.014865,0.014382,0.013893,0.013403,0.012914,0.012421,0.011925,0.011432,0.01094,0.010447,0.0099543,0.0094649,0.0089822,0.0084994,0.0080233,0.0075506,0.0070812,0.0066218,0.0061657,0.0057162,0.0052768,0.0048406,0.0044178,0.0039984,0.0035889,0.0031894,0.0027965,0.0024103,0.0020341,0.0016679,0.0013117,0.00096547,0.00063255,0.00030961,0,-0.0002963,-0.00057595,-0.00084229,-0.0010953,-0.0013317,-0.0015514,-0.0017578,-0.0019476,-0.002124,-0.0022905,-0.002447,-0.0025934,-0.0027333,-0.0028698,-0.0029996,-0.0031328,-0.0032626,-0.0033924,-0.0035289,-0.0036654,-0.0038086,-0.0039584,-0.0041115,-0.0042747,-0.0044478,-0.0046276,-0.0048173,-0.0050138,-0.0052202,-0.0054332,-0.005653,-0.0058827,-0.0061191,-0.0063588,-0.0066018,-0.0068481,-0.0070945,-0.0073409,-0.0075839,-0.0078203,-0.0080533,-0.0082764,-0.0084861,-0.0086892,-0.0088756,-0.0090454,-0.0091986,-0.009335,-0.0094482,-0.0095448,-0.009618,-0.0096713,-0.0097013,-0.0097046,-0.0096846,-0.0096347,-0.0095614,-0.0094549,-0.0093217,-0.0091586,-0.0089622,-0.0087325,-0.0084728,-0.0081765,-0.0078402,-0.0074707,-0.0070612,-0.0066118,-0.0061224,-0.0055897,-0.0050138,-0.0043912,-0.0037254,-0.0030129,-0.0022572,-0.0014515,-0.00060258,0.00028964,0.0012251,0.0022006,0.003216,0.0042647,0.0053467,0.0064586,0.0075906,0.0087458,0.009911,0.01109,0.012271,0.01345,0.014622,0.01578,0.016922,0.018038,0.019123,0.020172,0.021177,0.022142,0.023055,0.02391,0.024713,0.025455,0.026137,0.026753,0.027309,0.027799,0.028228,0.028591,0.028897,0.029144,0.029333,0.029473,0.02956,0.0296,0.029596,0.02955,0.02947,0.029353,0.029207,0.029031,0.028831,0.028604,0.028361,0.028095,0.027812,0.027512,0.027199,0.026877,0.02654,0.026191,0.025831,0.025462,0.025085,0.024696,0.0243,0.023894,0.023481,0.023058,0.022625,0.022186,0.021736,0.021277,0.020811,0.020338,0.019862,0.019376,0.018886,0.01839,0.017891,0.017392,0.016886,0.01638,0.015874,0.015368,0.014865,0.014365,0.013866,0.013373,0.012884,0.012398,0.011919,0.011446,0.01098,0.010517,0.010064,0.0096147,0.0091719,0.0087358,0.0083063,0.0078835,0.007464,0.0070512,0.0066451,0.0062456,0.0058494,0.0054599,0.0050737,0.0046942,0.0043213,0.0039517,0.0035922,0.003236,0.0028897,0.0025468,0.0022106,0.0018843,0.0015614,0.0012451,0.00093217,0.00062589,0.00032293,2.3304e-005,-0.00026966,-0.00056263,-0.00085227,-0.0011386,-0.0014249,-0.0017112,-0.0019942,-0.0022772,-0.0025601,-0.0028365,-0.0031128,-0.0033825,-0.0036488,-0.0039085,-0.0041615,-0.0044112,-0.0046509,-0.0048839,-0.0051103,-0.0053267,-0.0055364,-0.0057395,-0.0059359,-0.0061224,-0.0063088,-0.0064853,-0.0066617,-0.0068315,-0.0070013,-0.0071711,-0.0073409,-0.007514,-0.0076871,-0.0078602,-0.00804,-0.0082198,-0.0084029,-0.0085893,-0.0087757,-0.0089688,-0.0091586,-0.0093484,-0.0095415,-0.0097312,-0.009921,-0.010107,-0.010294,-0.010474,-0.010653,-0.010827,-0.010993,-0.011153,-0.011303,-0.011442,-0.011569,-0.011682,-0.011779,-0.011859,-0.011919,-0.011958,-0.011975,-0.011972,-0.011942,-0.011889,-0.011809,-0.011699,-0.011566,-0.011399,-0.011203,-0.010976,-0.010717,-0.01042,-0.010091,-0.0097279,-0.0093251,-0.0088889,-0.0084162,-0.0079035,-0.0073575,-0.0067716,-0.0061523,-0.0054932,-0.0048007,-0.0040716,-0.0033092,-0.0025169,-0.0016912,-0.00083896,3.995e-005,0.00094216,0.0018677,0.0028065,0.003762,0.0047274,0.0056996,0.0066717,0.0076438,0.008606,0.0095614,0.0105,0.011419,0.012318,0.01319,0.014033,0.014845,0.015621,0.01636,0.017062,0.017721,0.018341,0.01892,0.019456,0.019949,0.020401,0.020814,0.02119,0.021527,0.021829,0.022099,0.022339,0.022549,0.022735,0.022898,0.023041,0.023161,0.023264,0.023348,0.023418,0.023471,0.023511,0.023537,0.023547,0.023547,0.023531,0.023501,0.023461,0.023404,0.023331,0.023248,0.023148,0.023031,0.022905,0.022758,0.022595,0.022415,0.022222,0.022009,0.02178,0.021537,0.021277,0.021001,0.020714,0.020411,0.020098,0.019775,0.019436,0.01909,0.01873,0.018357,0.017978,0.017588,0.017189,0.016782,0.016366,0.015943,0.015511,0.015075,0.014628,0.014179,0.013726,0.013267,0.012804,0.012338,0.011865,0.011392,0.01092,0.01044,0.0099609,0.0094815,0.0090021,0.0085227,0.0080467,0.0075706,0.0070978,0.0066284,0.006159,0.0056996,0.0052401,0.0047874,0.0043379,0.0038985,0.003459,0.0030296,0.0026034,0.0021839,0.0017711,0.001365,0.00096547,0.00057595,0.00018976,-0.00018311,-0.00054932,-0.00090554,-0.0012484,-0.0015847,-0.0019076,-0.0022172,-0.0025135,-0.0027965,-0.0030662,-0.0033225,-0.0035589,-0.003782,-0.0039884,-0.0041748,-0.0043479,-0.0045044,-0.0046442,-0.0047707,-0.0048806,-0.0049771,-0.0050637,-0.0051369,-0.0052035,-0.0052634,-0.0053134,-0.0053633,-0.0054133,-0.0054599,-0.0055131,-0.0055664,-0.0056263,-0.0056962,-0.0057695,-0.005856,-0.0059493,-0.0060558,-0.0061723,-0.0062988,-0.006432,-0.0065785,-0.0067316,-0.0068948,-0.0070645,-0.007241,-0.0074241,-0.0076172,-0.0078169,-0.0080233,-0.0082364,-0.0084528,-0.0086759,-0.0089023,-0.0091286,-0.0093517,-0.0095714,-0.0097845,-0.0099876,-0.010181,-0.01036,-0.01052,-0.010663,-0.01078,-0.010873,-0.010943,-0.01098,-0.010986,-0.010956,-0.01089,-0.010787,-0.010643,-0.010457,-0.010227,-0.0099543,-0.0096347,-0.0092685,-0.008859,-0.0083995,-0.0078968,-0.0073509,-0.0067549,-0.0061191,-0.0054399,-0.0047175,-0.0039584,-0.0031627,-0.0023338,-0.0014715,-0.00057928,0.00033958,0.0012817,0.0022472,0.0032293,0.0042281,0.0052401,0.0062655,0.0072976,0.0083396,0.0093817,0.010427,0.011469,0.012504,0.01353,0.014545,0.015547,0.016526,0.017485,0.018414,0.019316,0.020185,0.021014,0.021806,0.022552,0.023254,0.023907,0.024509,0.025062,0.025558,0.026001,0.026387,0.026713,0.026986,0.027203,0.027363,0.027466,0.027516,0.027509,0.027456,0.027356,0.027209,0.027023,0.026797,0.02654,0.026251,0.025934,0.025595,0.025235,0.024859,0.024466,0.024063,0.023651,0.023231,0.022802,0.022369,0.021933,0.021493,0.021054,0.020614,0.020175,0.019735,0.019296,0.01886,0.018427,0.017991,0.017558,0.017125,0.016693,0.01626,0.015824,0.015384,0.014945,0.014502,0.014056,0.013606,0.013154,0.012701,0.012245,0.011785,0.011319,0.010856,0.010387,0.0099143,0.0094416,0.0089655,0.0084861,0.0080067,0.0075273,0.0070446,0.0065618,0.0060824,0.005603,0.0051303,0.0046575,0.0041948,0.0037354,0.0032859,0.0028431,0.0024137,0.0019909,0.0015814,0.0011852,0.00079901,0.00042614,6.6584e-005,-0.00028298,-0.0006159,-0.00094216,-0.0012551,-0.0015614,-0.0018544,-0.0021407,-0.002417,-0.0026867,-0.0029463,-0.0031994,-0.0034424,-0.0036721,-0.0038952,-0.0041082,-0.0043113,-0.0045011,-0.0046775,-0.004844,-0.0049971,-0.0051369,-0.0052668,-0.0053866,-0.0054932,-0.0055897,-0.0056796,-0.0057595,-0.0058327,-0.0059027,-0.0059692,-0.0060325,-0.0060991,-0.006169,-0.0062422,-0.0063188,-0.006402,-0.0064952,-0.0065918,-0.0067017,-0.0068182,-0.006948,-0.0070845,-0.0072343,-0.0073941,-0.0075639,-0.0077437,-0.0079335,-0.0081266,-0.0083296,-0.008536,-0.0087458,-0.0089589,-0.0091719,-0.0093883,-0.0095981,-0.0098045,-0.010011,-0.010207,-0.010397,-0.01058,-0.010757,-0.01092,-0.011073,-0.011216,-0.011343,-0.011456,-0.011552,-0.011632,-0.011692,-0.011732,-0.011752,-0.011752,-0.011725,-0.011675,-0.011602,-0.011499,-0.011369,-0.011206,-0.011013,-0.010787,-0.010524,-0.010224,-0.0098877,-0.0095148,-0.009102,-0.0086526,-0.0081598,-0.0076305,-0.0070645,-0.0064586,-0.0058161,-0.0051369,-0.0044212,-0.0036721,-0.0028931,-0.0020841,-0.0012484,-0.00039284,0.00048606,0.0013849,0.0022938,0.0032193,0.0041482,0.0050837,0.0060225,0.006958,0.0078869,0.008809,0.0097179,0.010613,0.011489,0.012345,0.013174,0.013976,0.014745,0.015481,0.016177,0.016832,0.017442,0.018008,0.018527,0.018996,0.019413,0.019782,0.020098,0.020368,0.020584,0.020754,0.020881,0.020964,0.021007,0.021011,0.020977,0.020914,0.020821,0.020701,0.020558,0.020395,0.020212,0.020015,0.019805,0.019586,0.019356,0.01912,0.018877,0.018627,0.018374,0.018117,0.017854,0.017591,0.017325,0.017052,0.016779,0.016503,0.016223,0.015937,0.015647,0.015354,0.015055,0.014745,0.014435,0.014116,0.01379,0.013457,0.013117,0.012767,0.012415,0.012055,0.011689,0.011316,0.01094,0.01056,0.010177,0.0097911,0.009405,0.0090188,0.0086326,0.0082497,0.0078702,0.007494,0.0071245,0.0067616,0.0064054,0.0060591,0.0057162,0.0053833,0.005057,0.0047374,0.0044278,0.0041182,0.0038186,0.0035223,0.0032293,0.0029363,0.0026467,0.0023571,0.0020674,0.0017745,0.0014815,0.0011885,0.00088889,0.00058927,0.00028631,-1.9975e-005,-0.00032959,-0.00064253,-0.00095548,-0.0012684,-0.0015847,-0.0018976,-0.0022106,-0.0025202,-0.0028265,-0.0031261,-0.0034191,-0.0037021,-0.0039784,-0.0042447,-0.0044977,-0.0047374,-0.0049638,-0.0051769,-0.0053733,-0.0055531,-0.0057162,-0.005866,-0.0059992,-0.0061191,-0.0062256,-0.0063221,-0.0064054,-0.0064786,-0.0065452,-0.0066051,-0.0066584,-0.0067083,-0.0067583,-0.0068049,-0.0068515,-0.0068948,-0.0069447,-0.0069913,-0.0070412,-0.0070912,-0.0071478,-0.0072044,-0.0072643,-0.0073275,-0.0073941,-0.0074674,-0.0075473,-0.0076305,-0.0077237,-0.0078203,-0.0079235,-0.0080367,-0.0081565,-0.008283,-0.0084162,-0.0085527,-0.0086892,-0.008829,-0.0089688,-0.009102,-0.0092252,-0.0093417,-0.0094482,-0.0095381,-0.0096114,-0.0096646,-0.0096979,-0.0097079,-0.0096946,-0.009658,-0.0095881,-0.0094882,-0.009355,-0.0091886,-0.0089888,-0.0087491,-0.0084695,-0.0081532,-0.007797,-0.0074008,-0.0069613,-0.0064853,-0.0059659,-0.0054099,-0.0048107,-0.0041781,-0.0035056,-0.0027965,-0.0020574,-0.0012851,-0.00048273,0.00034291,0.0011918,0.0020641,0.002953,0.0038585,0.0047774,0.0057029,0.0066384,0.0075739,0.0085094,0.0094449,0.010374,0.011293,0.012201,0.013097,0.013973,0.014828,0.015664,0.016473,0.017255,0.018008,0.018727,0.019413,0.020065,0.020684,0.021264,0.02181,0.022322,0.022798,0.023241,0.023651,0.02403,0.024376,0.024693,0.024979,0.025239,0.025468,0.025671,0.025845,0.025994,0.026114,0.026207,0.026271,0.026311,0.026324,0.026307,0.026264,0.026191,0.026094,0.025968,0.025815,0.025635,0.025428,0.025192,0.024932,0.024646,0.024333,0.023997,0.023634,0.023251,0.022845,0.022419,0.021969,0.021507,0.021024,0.020524,0.020015,0.019492,0.01896,0.01842,0.017874,0.017325,0.016772,0.016216,0.015664,0.015111,0.014562,0.014013,0.01347,0.012934,0.012405,0.011879,0.011363,0.010853,0.01035,0.0098577,0.0093717,0.0088923,0.0084162,0.0079501,0.007484,0.0070213,0.0065618,0.0061057,0.0056496,0.0051969,0.0047474,0.0043013,0.0038552,0.0034157,0.002983,0.0025568,0.002134,0.0017212,0.0013117,0.00091553,0.00052601,0.00014648,-0.00022638,-0.00058594,-0.00093883,-0.0012817,-0.0016147,-0.0019409,-0.0022539,-0.0025601,-0.0028564,-0.0031428,-0.0034224,-0.0036954,-0.0039584,-0.0042114,-0.0044611,-0.0047008,-0.0049305,-0.0051569,-0.0053766,-0.0055897,-0.0057961,-0.0060025,-0.0062023,-0.006402,-0.0065985,-0.0067949,-0.006988,-0.0071877,-0.0073841,-0.0075839,-0.007787,-0.0079934,-0.0082065,-0.0084195,-0.0086359,-0.008859,-0.009082,-0.0093117,-0.0095415,-0.0097745,-0.010011,-0.010251,-0.01049,-0.010733,-0.010976,-0.011223,-0.011469,-0.011715,-0.011965,-0.012211,-0.012454,-0.012698,-0.012934,-0.013167,-0.013393,-0.01361,-0.013823,-0.014023,-0.014212,-0.014392,-0.014559,-0.014708,-0.014845,-0.014965,-0.015068,-0.015148,-0.015208,-0.015244,-0.015251,-0.015231,-0.015181,-0.015095,-0.014975,-0.014818,-0.014622,-0.014385,-0.014106,-0.013783,-0.01342,-0.01301,-0.012558,-0.012062,-0.011522,-0.010936,-0.010311,-0.0096413,-0.0089322,-0.0081798,-0.0073941,-0.0065685,-0.0057096,-0.0048173,-0.0038918,-0.0029363,-0.0019576,-0.00095215,7.3242e-005,0.0011186,0.0021806,0.0032526,0.0043346,0.0054233,0.0065119,0.0076005,0.0086792,0.0097479,0.0108,0.011832,0.012841,0.013823,0.014772,0.015687,0.016563,0.017395,0.018184,0.018923,0.019619,0.020261,0.020854,0.021397,0.021889,0.022326,0.022712,0.023048,0.023328,0.023557,0.023734,0.02386,0.023937,0.023964,0.02394,0.02387,0.023754,0.023591,0.023384,0.023135,0.022845,0.022515,0.022146,0.021746,0.02131,0.020847,0.020355,0.019835,0.019293,0.018733,0.018157,0.017565,0.016962,0.016353,0.01574,0.015125,0.014509,0.013896,0.01329,0.012688,0.012098,0.011516,0.010946,0.01039,0.0098477,0.0093151,0.0088024,0.0082997,0.0078136,0.0073442,0.0068881,0.0064486,0.0060258,0.0056163,0.0052235,0.0048473,0.0044844,0.0041382,0.0038053,0.0034857,0.0031794,0.0028831,0.0025968,0.0023171,0.0020508,0.0017878,0.0015348,0.0012851,0.001042,0.00079901,0.00056263,0.00032626,9.3217e-005,-0.00013983,-0.00037287,-0.00060591,-0.00083896,-0.0010753,-0.0013117,-0.0015481,-0.0017844,-0.0020208,-0.0022605,-0.0025036,-0.0027433,-0.0029863,-0.0032293,-0.0034723,-0.0037154,-0.0039584,-0.0042014,-0.0044411,-0.0046775,-0.0049106,-0.0051369,-0.0053567,-0.0055664,-0.0057695,-0.0059626,-0.0061424,-0.0063121,-0.0064686,-0.0066151,-0.0067516,-0.0068748,-0.0069846,-0.0070878,-0.0071811,-0.0072643,-0.0073442,-0.0074174,-0.0074907,-0.0075606,-0.0076305,-0.0077037,-0.0077803,-0.0078569,-0.0079434,-0.0080333,-0.0081332,-0.0082397,-0.0083563,-0.0084828,-0.0086193,-0.0087624,-0.0089189,-0.0090887,-0.0092685,-0.0094582,-0.009658,-0.009871,-0.010091,-0.01032,-0.010557,-0.0108,-0.01105,-0.011299,-0.011552,-0.011805,-0.012055,-0.012305,-0.012551,-0.012791,-0.013024,-0.013244,-0.013457,-0.013653,-0.013833,-0.013993,-0.014132,-0.014246,-0.014335,-0.014392,-0.014419,-0.014412,-0.014365,-0.014282,-0.014162,-0.013999,-0.013796,-0.01355,-0.013257,-0.012924,-0.012544,-0.012122,-0.011655,-0.011149,-0.0106,-0.010008,-0.0093783,-0.0087125,-0.0080134,-0.0072776,-0.0065119,-0.0057229,-0.0049039,-0.0040649,-0.003206,-0.0023304,-0.0014415,-0.00053933,0.00037287,0.0012917,0.0022172,0.0031428,0.0040716,0.0049938,0.0059126,0.0068215,0.0077204,0.0086026,0.0094682,0.010311,0.011133,0.011928,0.012698,0.013437,0.014142,0.014815,0.015451,0.01605,0.016609,0.017125,0.017605,0.018038,0.01843,0.018783,0.019093,0.019363,0.019592,0.019785,0.019942,0.020065,0.020152,0.020212,0.020241,0.020241,0.020218,0.020172,0.020108,0.020025,0.019925,0.019812,0.019685,0.019549,0.019406,0.019253,0.019096,0.01893,0.018763,0.01859,0.018414,0.018234,0.018048,0.017851,0.017651,0.017442,0.017222,0.016989,0.016742,0.016479,0.0162,0.015904,0.015584,0.015244,0.014881,0.014495,0.014086,0.013653,0.013197,0.012721,0.012218,0.011699,0.011159,0.010603,0.010031,0.0094482,0.0088556,0.0082531,0.0076471,0.0070412,0.006432,0.0058261,0.0052268,0.0046376,0.004055,0.0034857,0.0029264,0.0023837,0.0018577,0.0013483,0.0008556,0.00038286,-7.3242e-005,-0.00050937,-0.00092551,-0.0013217,-0.0017012,-0.0020641,-0.002407,-0.0027299,-0.0030429,-0.0033358,-0.0036155,-0.0038818,-0.0041349,-0.0043779,-0.0046076,-0.0048273,-0.0050404,-0.0052435,-0.0054399,-0.0056297,-0.0058128,-0.0059925,-0.0061623,-0.0063255,-0.0064853,-0.0066351,-0.0067782,-0.0069147,-0.0070446,-0.0071644,-0.0072776,-0.0073808,-0.0074774,-0.0075639,-0.0076438,-0.0077204,-0.007787,-0.0078502,-0.0079102,-0.0079634,-0.0080134,-0.0080566,-0.0080999,-0.0081432,-0.0081831,-0.0082198,-0.0082597,-0.0082997,-0.0083463,-0.0083929,-0.0084462,-0.0085028,-0.008566,-0.0086359,-0.0087092,-0.0087924,-0.0088823,-0.0089788,-0.009082,-0.0091919,-0.0093051,-0.0094249,-0.0095481,-0.0096746,-0.0098011,-0.0099276,-0.010051,-0.010174,-0.010294,-0.010404,-0.01051,-0.01061,-0.0107,-0.01078,-0.01085,-0.010906,-0.01095,-0.01098,-0.01099,-0.010986,-0.010963,-0.01092,-0.01086,-0.010777,-0.010673,-0.01055,-0.010404,-0.010237,-0.010047,-0.0098311,-0.0095947,-0.009335,-0.0090487,-0.0087391,-0.0084062,-0.0080467,-0.0076605,-0.0072476,-0.0068082,-0.0063421,-0.0058494,-0.00533,-0.004784,-0.0042148,-0.0036188,-0.0029996,-0.0023604,-0.0016979,-0.0010221,-0.00032626,0.00038286,0.001102,0.0018344,0.0025768,0.0033225,0.0040749,0.004824,0.0055764,0.0063221,0.0070645,0.0077936,0.0085127,0.0092185,0.0099043,0.01057,0.011213,0.011832,0.012425,0.01299,0.013526,0.014033,0.014509,0.014955,0.015368,0.01575,0.0161,0.016416,0.016706,0.016959,0.017185,0.017378,0.017542,0.017678,0.017785,0.017864,0.017914,0.017941,0.017944,0.017921,0.017878,0.017808,0.017718,0.017601,0.017465,0.017305,0.017119,0.016912,0.016683,0.016426,0.01615,0.015847,0.015521,0.015174,0.014805,0.014412,0.014003,0.01357,0.01312,0.012654,0.012172,0.011679,0.011173,0.010657,0.010134,0.0096047,0.0090754,0.008546,0.00802,0.0074973,0.0069846,0.0064786,0.0059892,0.0055098,0.0050504,0.0046043,0.0041781,0.003772,0.0033858,0.0030229,0.0026767,0.0023537,0.0020475,0.0017611,0.0014915,0.0012351,0.00099543,0.00076904,0.00054932,0.00034291,0.00013983,-5.6596e-005,-0.00024636,-0.00043612,-0.00062589,-0.00081565,-0.0010054,-0.0011985,-0.0013949,-0.0015947,-0.0017944,-0.0019975,-0.0022073,-0.002417,-0.0026301,-0.0028465,-0.0030662,-0.0032892,-0.0035156,-0.003742,-0.0039684,-0.0041981,-0.0044245,-0.0046475,-0.0048673,-0.0050837,-0.0052934,-0.0054932,-0.0056863,-0.0058694,-0.0060425,-0.0062056,-0.0063588,-0.0064986,-0.0066284,-0.0067483,-0.0068615,-0.0069613,-0.0070546,-0.0071411,-0.007221,-0.0072976,-0.0073675,-0.0074374,-0.007504,-0.0075706,-0.0076372,-0.0077037,-0.0077737,-0.0078469,-0.0079235,-0.0080034,-0.0080866,-0.0081798,-0.0082797,-0.0083862,-0.0084994,-0.0086193,-0.0087491,-0.0088856,-0.0090321,-0.0091852,-0.0093484,-0.0095148,-0.0096913,-0.009871,-0.010057,-0.010244,-0.01043,-0.010617,-0.010803,-0.010986,-0.011163,-0.011333,-0.011499,-0.011655,-0.011805,-0.011945,-0.012075,-0.012191,-0.012298,-0.012395,-0.012474,-0.012548,-0.012604,-0.012651,-0.012688,-0.012711,-0.012724,-0.012731,-0.012724,-0.012714,-0.012691,-0.012664,-0.012628,-0.012588,-0.012538,-0.012484,-0.012425,-0.012361,-0.012291,-0.012218,-0.012138,-0.012055,-0.011968,-0.011879,-0.011785,-0.011685,-0.011586,-0.011482,-0.011376,-0.011266,-0.011153,-0.011043,-0.01093,-0.010817,-0.010707,-0.0106,-0.010497,-0.010404,-0.010317,-0.010241,-0.010177,-0.010124,-0.010087,-0.010061,-0.010054,-0.010057,-0.010077,-0.010111,-0.010157,-0.010214,-0.010281,-0.010354,-0.010434,-0.010517,-0.010603,-0.010687,-0.01077,-0.01085,-0.010923,-0.01099,-0.011046,-0.011093,-0.011129,-0.011153,-0.011163,-0.011159,-0.011143,-0.011113,-0.011066,-0.011003,-0.01093,-0.01084,-0.010733,-0.010613,-0.01048,-0.01033,-0.010167,-0.0099876,-0.0097945,-0.0095881,-0.0093683,-0.009132,-0.0088856,-0.0086259,-0.0083529,-0.00807,-0.0077737,-0.0074707,-0.0071544,-0.0068315,-0.0065019,-0.0061657,-0.0058228,-0.0054798,-0.0051369,-0.0047907,-0.0044511,-0.0041182,-0.0037919,-0.003479,-0.0031794,-0.0028997,-0.0026367,-0.0023937,-0.0021806,-0.0019909,-0.0018277,-0.0016946,-0.0015947,-0.0015214,-0.0014815,-0.0014715,-0.0014915,-0.0015414,-0.001618,-0.0017245,-0.001851,-0.0020042,-0.0021773,-0.0023704,-0.0025801,-0.0028065,-0.0030495,-0.0032992,-0.0035622,-0.0038319,-0.0041049,-0.0043845,-0.0046609,-0.0049405,-0.0052135,-0.0054832,-0.0057495,-0.0060059,-0.0062589,-0.0064986,-0.0067316,-0.006958,-0.0071677,-0.0073708,-0.0075606,-0.0077404,-0.0079035,-0.0080566,-0.0081931,-0.0083196,-0.0084262,-0.0085227,-0.0086026,-0.0086659,-0.0087191,-0.0087591,-0.0087891,-0.008809,-0.008819,-0.0088224,-0.008819,-0.008809,-0.0087957,-0.0087791,-0.0087624,-0.0087391,-0.0087158,-0.0086925,-0.0086692,-0.0086492,-0.0086293,-0.0086126,-0.008596,-0.0085893,-0.0085827,-0.0085827,-0.008586,-0.008596,-0.0086159,-0.0086392,-0.0086725,-0.0087125,-0.0087591,-0.0088124,-0.0088723,-0.0089422,-0.0090154,-0.009092,-0.0091752,-0.0092585,-0.009345,-0.0094316,-0.0095182,-0.0096047,-0.0096913,-0.0097745,-0.0098544,-0.0099276,-0.0099976,-0.010061,-0.010117,-0.010167,-0.010211,-0.010247,-0.010274,-0.010291,-0.010301,-0.010304,-0.010297,-0.010287,-0.010267,-0.010244,-0.010217,-0.010184,-0.010151,-0.010114,-0.010081,-0.010047,-0.010021,-0.0099942,-0.0099709,-0.0099543,-0.0099443,-0.0099343,-0.009931,-0.009931,-0.0099376,-0.0099509,-0.0099643,-0.0099876,-0.010014,-0.010047,-0.010084,-0.010124,-0.010171,-0.010224,-0.010281,-0.010344,-0.010414,-0.01049,-0.010577,-0.01067,-0.010773,-0.01088,-0.010996,-0.011123,-0.011256,-0.011399,-0.011549,-0.011702,-0.011865,-0.012032,-0.012201,-0.012371,-0.012538,-0.012704,-0.012867,-0.013024,-0.013174,-0.013313,-0.013443,-0.01356,-0.013663,-0.01375,-0.013826,-0.013883,-0.013926,-0.013956,-0.013966,-0.013963,-0.013943,-0.013906,-0.013856,-0.01379,-0.01371,-0.013616,-0.01351,-0.013387,-0.013254,-0.01311,-0.012954,-0.012791,-0.012618,-0.012438,-0.012255,-0.012065,-0.011875,-0.011682,-0.011492,-0.011306,-0.011119,-0.010943,-0.010777,-0.01062,-0.010477,-0.01035,-0.010241,-0.010151,-0.010077,-0.010028,-0.010001,-0.0099942,-0.010011,-0.010047,-0.010107,-0.010187,-0.010284,-0.0104,-0.010527,-0.01067,-0.010823,-0.010986,-0.011153,-0.011326,-0.011496,-0.011662,-0.011822,-0.011968,-0.012105,-0.012228,-0.012328,-0.012411,-0.012471,-0.012508,-0.012518,-0.012504,-0.012464,-0.012401,-0.012311,-0.012198,-0.012065,-0.011909,-0.011735,-0.011542,-0.011339,-0.011119,-0.010893,-0.010657,-0.010414,-0.010167,-0.0099177,-0.009668,-0.0094183,-0.0091686,-0.0089222,-0.0086759,-0.0084362,-0.0081965,-0.0079634,-0.0077304,-0.0075007,-0.007271,-0.0070479,-0.0068215,-0.0065985,-0.0063787,-0.006159,-0.0059459,-0.0057329,-0.0055265,-0.0053267,-0.0051336,-0.0049505,-0.0047741,-0.0046109,-0.0044578,-0.0043213,-0.0041981,-0.0040882,-0.0039984,-0.0039218,-0.0038652,-0.0038252,-0.0038019,-0.0037986,-0.0038086,-0.0038352,-0.0038785,-0.0039351,-0.0040083,-0.0040949,-0.0041915,-0.0043013,-0.0044212,-0.0045477,-0.0046808,-0.0048173,-0.0049538,-0.0050937,-0.0052302,-0.0053633,-0.0054932,-0.0056163,-0.0057362,-0.0058461,-0.0059493,-0.0060458,-0.006129,-0.0062023,-0.0062689,-0.0063221,-0.0063654,-0.0063987,-0.0064187,-0.0064287,-0.0064253,-0.0064153,-0.006392,-0.0063588,-0.0063188,-0.0062722,-0.0062189,-0.006159,-0.0060957,-0.0060292,-0.0059593,-0.0058893,-0.0058161,-0.0057462,-0.0056763,-0.0056064,-0.0055431,-0.0054832,-0.0054266,-0.0053766,-0.00533,-0.0052901,-0.0052535,-0.0052202,-0.0051902,-0.0051636,-0.0051369,-0.005117,-0.005097,-0.0050803,-0.005067,-0.005057,-0.0050504,-0.0050471,-0.0050504,-0.005057,-0.0050704,-0.0050903,-0.0051136,-0.0051469,-0.0051835,-0.0052302,-0.0052801,-0.00534,-0.0054066,-0.0054798,-0.0055564,-0.0056396,-0.0057229,-0.0058128,-0.0058993,-0.0059892,-0.0060791,-0.0061623,-0.0062422,-0.0063188,-0.0063854,-0.0064486,-0.0065019,-0.0065452,-0.0065818,-0.0066084,-0.0066251,-0.0066317,-0.0066317,-0.0066184,-0.0065985,-0.0065685,-0.0065319,-0.0064853,-0.006432,-0.0063721,-0.0063055,-0.0062322,-0.0061557,-0.0060724,-0.0059892,-0.0058993,-0.0058094,-0.0057162,-0.0056263,-0.0055331,-0.0054432,-0.0053567,-0.0052701,-0.0051869,-0.0051103,-0.0050337,-0.0049605,-0.0048906,-0.0048207,-0.0047474,-0.0046775,-0.0046043,-0.0045244,-0.0044411,-0.0043513,-0.0042547,-0.0041482,-0.004035,-0.0039118,-0.0037786,-0.0036355,-0.0034823,-0.0033192,-0.0031494,-0.0029696,-0.0027865,-0.0026001,-0.0024103,-0.0022206,-0.0020341,-0.001851,-0.0016779,-0.0015081,-0.0013517,-0.0012085,-0.0010787,-0.00096547,-0.00087225,-0.00079568,-0.00074241,-0.00071245,-0.00070579,-0.00071911,-0.00075906,-0.00082231,-0.00090887,-0.0010187,-0.0011486,-0.0013017,-0.0014748,-0.0016646,-0.0018743,-0.0020974,-0.0023338,-0.0025835,-0.0028398,-0.0031028,-0.0033725,-0.0036455,-0.0039151,-0.0041881,-0.0044511,-0.0047108,-0.0049605,-0.0052002,-0.0054266,-0.0056363,-0.0058327,-0.0060092,-0.006169,-0.0063121,-0.0064387,-0.0065485,-0.0066417,-0.0067183,-0.0067849,-0.0068348,-0.0068781,-0.0069081,-0.006928,-0.0069414,-0.006948,-0.006948,-0.0069447,-0.0069314,-0.0069181,-0.0068981,-0.0068748,-0.0068481,-0.0068182,-0.0067849,-0.0067449,-0.0067017,-0.0066584,-0.0066084,-0.0065585,-0.0065019,-0.0064486,-0.0063887,-0.0063321,-0.0062722,-0.0062156,-0.006159,-0.0061057,-0.0060558,-0.0060059,-0.0059626,-0.0059226,-0.0058893,-0.0058627,-0.0058394,-0.0058261,-0.0058228,-0.0058261,-0.0058394,-0.0058594,-0.0058893,-0.0059293,-0.0059759,-0.0060292,-0.0060891,-0.0061557,-0.0062289,-0.0063088,-0.006392,-0.0064819,-0.0065718,-0.006665,-0.0067616,-0.0068615,-0.0069613,-0.0070579,-0.0071544,-0.007251,-0.0073442,-0.0074308,-0.007514,-0.0075906,-0.0076605,-0.007727,-0.007787,-0.0078369,-0.0078802,-0.0079201,-0.0079501,-0.0079701,-0.0079867,-0.0079967,-0.0079967,-0.0079934,-0.0079834,-0.0079734,-0.0079568,-0.0079401,-0.0079201,-0.0079035,-0.0078902,-0.0078769,-0.0078669,-0.0078669,-0.0078702,-0.0078802,-0.0079002,-0.0079268,-0.0079634,-0.0080034,-0.0080533,-0.0081132,-0.0081765,-0.0082464,-0.0083196,-0.0083995,-0.0084794,-0.0085627,-0.0086492,-0.0087325,-0.0088124,-0.0088889,-0.0089589,-0.0090221,-0.0090754,-0.009122,-0.0091553,-0.0091786,-0.0091886,-0.0091886,-0.0091719,-0.0091453,-0.0091053,-0.0090554,-0.0089888,-0.0089156,-0.0088257,-0.0087291,-0.0086193,-0.0084994,-0.0083696,-0.0082298,-0.0080799,-0.0079235,-0.0077603,-0.0075872,-0.0074141,-0.007231,-0.0070446,-0.0068548,-0.0066584,-0.0064553,-0.0062522,-0.0060392,-0.0058261,-0.005603,-0.00538,-0.0051536,-0.0049205,-0.0046875,-0.0044511,-0.0042148,-0.0039817,-0.0037487,-0.003519,-0.0032959,-0.0030795,-0.0028698,-0.0026733,-0.0024836,-0.0023105,-0.0021473,-0.0020042,-0.0018743,-0.0017645,-0.0016746,-0.0016013,-0.0015514,-0.0015181,-0.0015081,-0.0015214,-0.0015514,-0.0016013,-0.0016713,-0.0017578,-0.0018577,-0.0019742,-0.0021007,-0.0022372,-0.0023837,-0.0025302,-0.00268,-0.0028265,-0.0029696,-0.0031028,-0.0032293
